0
0
0
0
0
0
0
0
0
0
0
-0.0013504
-0.0038223
-0.0040436
-0.0029755
-0.0014954
0
0.0010986
0.0017166
-0.00026703
0.0095139
0.01487
0.013321
0.0080719
0
-0.0080414
-0.013611
0.0017395
0.12383
0.12731
0.12771
0.13284
0.1367
0.13452
0.12823
0.12671
0.28446
0.28518
0.28396
0.286
0.28513
0.28204
0.28498
0.28585
0.36762
0.36732
0.36581
0.36546
0.36716
0.36671
0.36864
0.36845
0.36529
0.36382
0.36248
0.36169
0.36325
0.36287
0.36395
0.36215
0.27554
0.27165
0.27173
0.26984
0.27341
0.27106
0.27289
0.27071
0.12028
0.11823
0.11726
0.11852
0.11718
0.11617
0.11904
0.1165
-0.06131
-0.063469
-0.065239
-0.066223
-0.062492
-0.063126
-0.064438
-0.064392
-0.23009
-0.23009
-0.22987
-0.22987
-0.23045
-0.23201
-0.23188
-0.23273
-0.34492
-0.34297
-0.3429
-0.34255
-0.34372
-0.34323
-0.34444
-0.3441
-0.37669
-0.37437
-0.37571
-0.37425
-0.37497
-0.37379
-0.37476
-0.37563
-0.31916
-0.31889
-0.31805
-0.31624
-0.31638
-0.31803
-0.31682
-0.31704
-0.18916
-0.18747
-0.18425
-0.18314
-0.18358
-0.18518
-0.186
-0.18308
-0.01368
-0.010162
-0.0090485
-0.0078354
-0.0078125
-0.0077286
-0.010811
-0.0081253
0.16711
0.16904
0.16798
0.16982
0.16795
0.16721
0.16745
0.17007
0.30799
0.30799
0.30715
0.30705
0.30466
0.30742
0.30838
0.30794
0.37409
0.3746
0.37272
0.37125
0.37106
0.37333
0.37351
0.37416
0.35104
0.35062
0.35025
0.35183
0.35153
0.34936
0.35213
0.3523
0.24721
0.24743
0.24465
0.24454
0.24607
0.24494
0.24501
0.24421
0.086281
0.084373
0.081047
0.082718
0.082024
0.081627
0.08078
0.081772
-0.095818
-0.098282
-0.099915
-0.10116
-0.10155
-0.099007
-0.1016
-0.10075
-0.25658
-0.25788
-0.25905
-0.25977
-0.25779
-0.25706
-0.25886
-0.26149
-0.35722
-0.35726
-0.35808
-0.35574
-0.35544
-0.35687
-0.35631
-0.35826
-0.37309
-0.37115
-0.37045
-0.36806
-0.37106
-0.36841
-0.37088
-0.37064
-0.29961
-0.29645
-0.29468
-0.29492
-0.29684
-0.2964
-0.29702
-0.29745
-0.15458
-0.15357
-0.15131
-0.1509
-0.15233
-0.15088
-0.15309
-0.15128
0.02494
0.025963
0.026779
0.027283
0.027344
0.027725
0.028427
0.028404
0.19938
0.20111
0.20125
0.19992
0.1992
0.19962
0.20171
0.20103
0.32842
0.32594
0.327
0.32519
0.32809
0.32521
0.32818
0.32873
0.3783
0.37664
0.37576
0.37651
0.37497
0.37533
0.37778
0.37796
0.33932
0.33681
0.33398
0.33395
0.33591
0.33581
0.33707
0.33502
0.22143
0.21884
0.21447
0.21597
0.21482
0.2151
0.21584
0.21516
0.049698
0.046417
0.045052
0.047066
0.046867
0.046669
0.045708
0.044281
-0.13257
-0.13589
-0.13395
-0.13578
-0.1367
-0.1348
-0.13438
-0.13615
-0.28307
-0.28398
-0.28304
-0.28546
-0.28513
-0.28237
-0.28498
-0.28585
-0.36762
-0.36732
-0.36581
-0.36546
-0.36716
-0.36671
-0.36864
-0.36845
-0.36529
-0.36382
-0.36248
-0.36169
-0.36325
-0.36287
-0.36395
-0.36215
-0.27554
-0.27165
-0.27173
-0.26984
-0.27341
-0.27106
-0.27289
-0.27071
-0.12028
-0.11823
-0.11726
-0.11852
-0.11718
-0.11617
-0.11904
-0.1165
0.06131
0.063469
0.065239
0.066223
0.062492
0.063126
0.064438
0.064392
0.23009
0.23009
0.22987
0.22987
0.23045
0.23201
0.23188
0.23273
0.34492
0.34297
0.3429
0.34255
0.34372
0.34323
0.34444
0.3441
0.37669
0.37437
0.37571
0.37425
0.37497
0.37379
0.37476
0.37563
0.31916
0.31889
0.31805
0.31624
0.31638
0.31803
0.31682
0.31704
0.18916
0.18747
0.18425
0.18314
0.18358
0.18518
0.186
0.18308
0.01368
0.010162
0.0090485
0.0078354
0.0078125
0.0077286
0.010811
0.0081253
-0.16711
-0.16904
-0.16798
-0.16982
-0.16795
-0.16721
-0.16745
-0.17007
-0.30799
-0.30799
-0.30715
-0.30705
-0.30466
-0.30742
-0.30838
-0.30794
-0.37409
-0.3746
-0.37272
-0.37125
-0.37106
-0.37333
-0.37351
-0.37416
-0.35104
-0.35062
-0.35025
-0.35183
-0.35153
-0.34936
-0.35213
-0.3523
-0.24721
-0.24743
-0.24465
-0.24454
-0.24607
-0.24494
-0.24501
-0.24421
-0.086281
-0.084373
-0.081047
-0.082718
-0.082024
-0.081627
-0.08078
-0.081772
0.095818
0.098282
0.099915
0.10116
0.10155
0.099007
0.1016
0.10075
0.25658
0.25788
0.25905
0.25977
0.25779
0.25706
0.25886
0.26149
0.35722
0.35726
0.35808
0.35574
0.35544
0.35687
0.35631
0.35826
0.37309
0.37115
0.37045
0.36806
0.37106
0.36841
0.37088
0.37064
0.29961
0.29645
0.29468
0.29492
0.29684
0.2964
0.29702
0.29745
0.15458
0.15357
0.15131
0.1509
0.15233
0.15088
0.15309
0.15128
-0.02494
-0.025963
-0.026779
-0.027283
-0.027344
-0.027725
-0.028427
-0.028404
-0.19938
-0.20111
-0.20125
-0.19992
-0.1992
-0.19962
-0.20171
-0.20103
-0.32842
-0.32594
-0.327
-0.32519
-0.32809
-0.32521
-0.32818
-0.32873
-0.3783
-0.37664
-0.37576
-0.37651
-0.37497
-0.37533
-0.37778
-0.37796
-0.33932
-0.33681
-0.33398
-0.33395
-0.33591
-0.33581
-0.33707
-0.33502
-0.22143
-0.21884
-0.21447
-0.21597
-0.21482
-0.2151
-0.21584
-0.21516
-0.049698
-0.046417
-0.045052
-0.047066
-0.046867
-0.046669
-0.045708
-0.044281
0.13257
0.13589
0.13395
0.13578
0.1367
0.1348
0.13438
0.13615
0.28307
0.28398
0.28304
0.28546
0.28513
0.28237
0.28498
0.28585
0.36762
0.36732
0.36581
0.36546
0.36716
0.36671
0.36864
0.36845
0.36529
0.36382
0.36248
0.36169
0.36325
0.36287
0.36395
0.36215
0.27554
0.27165
0.27173
0.26984
0.27341
0.27106
0.27289
0.27071
0.12028
0.11823
0.11726
0.11852
0.11718
0.11617
0.11904
0.1165
-0.06131
-0.063469
-0.065239
-0.066223
-0.062492
-0.063126
-0.064438
-0.064392
-0.23009
-0.23009
-0.22987
-0.22987
-0.23045
-0.23201
-0.23188
-0.23273
-0.34492
-0.34297
-0.3429
-0.34255
-0.34372
-0.34323
-0.34444
-0.3441
-0.37669
-0.37437
-0.37571
-0.37425
-0.37497
-0.37379
-0.37476
-0.37563
-0.31916
-0.31889
-0.31805
-0.31624
-0.31638
-0.31803
-0.31682
-0.31704
-0.18916
-0.18747
-0.18425
-0.18314
-0.18358
-0.18518
-0.186
-0.18308
-0.01368
-0.010162
-0.0090485
-0.0078354
-0.0078125
-0.0077286
-0.010811
-0.0081253
0.16711
0.16904
0.16798
0.16982
0.16795
0.16721
0.16745
0.17007
0.30799
0.30799
0.30715
0.30705
0.30466
0.30742
0.30838
0.30794
0.37409
0.3746
0.37272
0.37125
0.37106
0.37333
0.37351
0.37416
0.35104
0.35062
0.35025
0.35183
0.35153
0.34936
0.35213
0.3523
0.24721
0.24743
0.24465
0.24454
0.24607
0.24494
0.24501
0.24421
0.086281
0.084373
0.081047
0.082718
0.082024
0.081627
0.08078
0.081772
-0.095818
-0.098282
-0.099915
-0.10116
-0.10155
-0.099007
-0.1016
-0.10075
-0.25658
-0.25788
-0.25905
-0.25977
-0.25779
-0.25706
-0.25886
-0.26149
-0.35722
-0.35726
-0.35808
-0.35574
-0.35544
-0.35687
-0.35631
-0.35826
-0.37309
-0.37115
-0.37045
-0.36806
-0.37106
-0.36841
-0.37088
-0.37064
-0.29961
-0.29645
-0.29468
-0.29492
-0.29684
-0.2964
-0.29702
-0.29745
-0.15458
-0.15357
-0.15131
-0.1509
-0.15233
-0.15088
-0.15309
-0.15128
0.02494
0.025963
0.026779
0.027283
0.027344
0.027725
0.028427
0.028404
0.19938
0.20111
0.20125
0.19992
0.1992
0.19962
0.20171
0.20103
0.32842
0.32594
0.327
0.32519
0.32809
0.32521
0.32818
0.32873
0.3783
0.37664
0.37576
0.37651
0.37497
0.37533
0.37778
0.37796
0.33932
0.33681
0.33398
0.33395
0.33591
0.33581
0.33707
0.33502
0.22143
0.21884
0.21447
0.21597
0.21482
0.2151
0.21584
0.21516
0.049698
0.046417
0.045052
0.047066
0.046867
0.046669
0.045708
0.044281
-0.13257
-0.13589
-0.13395
-0.13578
-0.1367
-0.1348
-0.13438
-0.13615
-0.28307
-0.28398
-0.28304
-0.28546
-0.28513
-0.28237
-0.28498
-0.28585
-0.36762
-0.36732
-0.36581
-0.36546
-0.36716
-0.36671
-0.36864
-0.36845
-0.36529
-0.36382
-0.36248
-0.36169
-0.36325
-0.36287
-0.36395
-0.36215
-0.27554
-0.27165
-0.27173
-0.26984
-0.27341
-0.27106
-0.27289
-0.27071
-0.12028
-0.11823
-0.11726
-0.11852
-0.11718
-0.11617
-0.11904
-0.1165
0.06131
0.063469
0.065239
0.066223
0.062492
0.063126
0.064438
0.064392
0.23009
0.23009
0.22987
0.22987
0.23045
0.23201
0.23188
0.23273
0.34492
0.34297
0.3429
0.34255
0.34372
0.34323
0.34444
0.3441
0.37669
0.37437
0.37571
0.37425
0.37497
0.37379
0.37476
0.37563
0.31916
0.31889
0.31805
0.31624
0.31638
0.31803
0.31682
0.31704
0.18916
0.18747
0.18425
0.18314
0.18358
0.18518
0.186
0.18308
0.01368
0.010162
0.0090485
0.0078354
0.0078125
0.0077286
0.010811
0.0081253
-0.16711
-0.16904
-0.16798
-0.16982
-0.16795
-0.16721
-0.16745
-0.17007
-0.30799
-0.30799
-0.30715
-0.30705
-0.30466
-0.30742
-0.30838
-0.30794
-0.37409
-0.3746
-0.37272
-0.37125
-0.37106
-0.37333
-0.37351
-0.37416
-0.35104
-0.35062
-0.35025
-0.35183
-0.35153
-0.34936
-0.35213
-0.3523
-0.24721
-0.24743
-0.24465
-0.24454
-0.24607
-0.24494
-0.24501
-0.24421
-0.086281
-0.084373
-0.081047
-0.082718
-0.082024
-0.081627
-0.08078
-0.081772
0.095818
0.098282
0.099915
0.10116
0.10155
0.099007
0.1016
0.10075
0.25658
0.25788
0.25905
0.25977
0.25779
0.25706
0.25886
0.26149
0.35722
0.35726
0.35808
0.35574
0.35544
0.35687
0.35631
0.35826
0.37309
0.37115
0.37045
0.36806
0.37106
0.36841
0.37088
0.37064
0.29961
0.29645
0.29468
0.29492
0.29684
0.2964
0.29702
0.29745
0.15458
0.15357
0.15131
0.1509
0.15233
0.15088
0.15309
0.15128
-0.02494
-0.025963
-0.026779
-0.027283
-0.027344
-0.027725
-0.028427
-0.028404
-0.19938
-0.20111
-0.20125
-0.19992
-0.1992
-0.19962
-0.20171
-0.20103
-0.32842
-0.32594
-0.327
-0.32519
-0.32809
-0.32521
-0.32818
-0.32873
-0.3783
-0.37664
-0.37576
-0.37651
-0.37497
