00111111111111101111111100110111
00111111111110111111111001101110
00111111111101001111110110100101
00111111111011001111110011011101
00111111111000011111110000010100
00111111110100111111101101001011
00111111110000111111101010000011
00111111101100011111100110111011
00111111100111001111100011110011
00111111100001001111100000101011
00111111011010101111011101100100
00111111010011101111011010011100
00111111001011111111010111010110
00111111000011101111010100001111
00111110111010111111010001001010
00111110110001011111001110000100
00111110100111001111001010111111
00111110011100011111000111111011
00111110010001001111000100110111
00111110000101001111000001110100
00111101111000101110111110110001
00111101101011101110111011101111
00111101011101111110111000101101
00111101001111101110110101101100
00111101000000101110110010101100
00111100110001011110101111101101
00111100100001001110101100101111
00111100010000101110101001110001
00111011111111011110100110110100
00111011101101101110100011111000
00111011011011001110100000111101
00111011001000001110011110000011
00111010110100101110011011001001
00111010100000101110011000010001
00111010001011111110010101011010
00111001110110101110010010100011
00111001100000111110001111101110
00111001001010101110001100111010
00111000110011111110001010000111
00111000011100011110000111010101
00111000000100011110000100100100
00110111101011111110000001110101
00110111010010111101111111000111
00110110111001011101111100011001
00110110011111001101111001101110
00110110000100101101110111000011
00110101101001011101110100011010
00110101001101101101110001110010
00110100110001101101101111001100
00110100010100111101101100100110
00110011110111101101101010000011
00110011011001111101100111100001
00110010111011101101100101000000
00110010011101001101100010100001
00110001111101111101100000000011
00110001011110011101011101100111
00110000111110001101011011001100
00110000011101101101011000110011
00101111111100011101010110011011
00101111011010111101010100000110
00101110111000111101010001110010
00101110010110101101001111011111
00101101110011101101001101001110
00101101010000011101001010111111
00101100101100101101001000110010
00101100001000011101000110100110
00101011100011101101000100011101
00101010111110101101000010010101
00101010011001011101000000001111
00101001110011011100111110001010
00101001001101001100111100001000
00101000100110011100111010000111
00100111111111011100111000001001
00100111010111111100110110001100
00100110110000001100110100010010
00100110000111111100110010011001
00100101011111011100110000100010
00100100110110101100101110101101
00100100001101001100101100111010
00100011100011101100101011001010
00100010111001101100101001011011
00100010001111011100100111101110
00100001100100101100100110000100
00100000111001111100100100011011
00100000001110011100100010110101
00011111100010111100100001010001
00011110110111001100011111101111
00011110001010111100011110001111
00011101011110011100011100110001
00011100110001101100011011010110
00011100000100101100011001111101
00011011010111011100011000100110
00011010101001101100010111010001
00011001111011111100010101111110
00011001001101111100010100101110
00011000011111011100010011100000
00010111110000111100010010010100
00010111000010001100010001001010
00010110010011001100010000000011
00010101100011111100001110111110
00010100110100011100001101111100
00010100000100111100001100111011
00010011010101001100001011111110
00010010100101001100001011000010
00010001110100111100001010001001
00010001000100011100001001010010
00010000010011111100001000011110
00001111100011001100000111101100
00001110110010011100000110111100
00001110000001011100000110001111
00001101010000011100000101100100
00001100011111001100000100111011
00001011101101101100000100010101
00001010111100011100000011110010
00001010001010101100000011010001
00001001011001001100000010110010
00001000100111001100000010010110
00000111110101011100000001111100
00000111000011011100000001100100
00000110010001011100000001001111
00000101011111011100000000111101
00000100101101011100000000101101
00000011111011001100000000011111
00000011001000111100000000010100
00000010010110111100000000001100
00000001100100101100000000000101
00000000110010011100000000000010
00000000000000001100000000000001
11111111001101111100000000000010
11111110011011101100000000000101
11111101101001011100000000001100
11111100110111011100000000010100
11111100000101001100000000011111
11111011010010111100000000101101
11111010100000111100000000111101
11111001101110111100000001001111
11111000111100111100000001100100
11111000001010111100000001111100
11110111011001001100000010010110
11110110100111001100000010110010
11110101110101101100000011010001
11110101000011111100000011110010
11110100010010101100000100010101
11110011100001001100000100111011
11110010101111111100000101100100
11110001111110111100000110001111
11110001001101111100000110111100
11110000011101001100000111101100
11101111101100011100001000011110
11101110111011111100001001010010
11101110001011011100001010001001
11101101011011001100001011000010
11101100101011001100001011111110
11101011111011011100001100111011
11101011001011111100001101111100
11101010011100011100001110111110
11101001101101001100010000000011
11101000111110001100010001001010
11101000001111011100010010010100
11100111100000111100010011100000
11100110110010011100010100101110
11100110000100011100010101111110
11100101010110101100010111010001
11100100101000111100011000100110
11100011111011101100011001111101
11100011001110101100011011010110
11100010100001111100011100110001
11100001110101011100011110001111
11100001001001001100011111101111
11100000011101011100100001010001
11011111110001111100100010110101
11011111000110011100100100011011
11011110011011101100100110000100
11011101110000111100100111101110
11011101000110101100101001011011
11011100011100101100101011001010
11011011110011001100101100111010
11011011001001101100101110101101
11011010100000111100110000100010
11011001111000011100110010011001
11011001010000001100110100010010
11011000101000011100110110001100
11011000000000111100111000001001
11010111011001111100111010000111
11010110110011001100111100001000
11010110001100111100111110001010
11010101100110111101000000001111
11010101000001101101000010010101
11010100011100101101000100011101
11010011110111111101000110100110
11010011010011101101001000110010
11010010101111111101001010111111
11010010001100101101001101001110
11010001101001101101001111011111
11010001000111011101010001110010
11010000100101011101010100000110
11010000000011111101010110011011
11001111100010101101011000110011
11001111000010001101011011001100
11001110100001111101011101100111
11001110000010011101100000000011
11001101100011001101100010100001
11001101000100101101100101000000
11001100100110011101100111100001
11001100001000101101101010000011
11001011101011011101101100100110
11001011001110101101101111001100
11001010110010101101110001110010
11001010010110111101110100011010
11001001111011101101110111000011
11001001100001001101111001101110
11001001000110111101111100011001
11001000101101011101111111000111
11001000010100011110000001110101
11000111111011111110000100100100
11000111100011111110000111010101
11000111001100011110001010000111
11000110110101101110001100111010
11000110011111011110001111101110
11000110001001101110010010100011
11000101110100011110010101011010
11000101011111101110011000010001
11000101001011101110011011001001
11000100111000001110011110000011
11000100100101001110100000111101
11000100010010101110100011111000
11000100000000111110100110110100
11000011101111101110101001110001
11000011011111001110101100101111
11000011001110111110101111101101
11000010111111101110110010101100
11000010110000101110110101101100
11000010100010011110111000101101
11000010010100101110111011101111
11000010000111101110111110110001
11000001111011001111000001110100
11000001101111001111000100110111
11000001100011111111000111111011
11000001011001001111001010111111
11000001001110111111001110000100
11000001000101011111010001001010
11000000111100101111010100001111
11000000110100011111010111010110
11000000101100101111011010011100
11000000100101101111011101100100
11000000011111001111100000101011
11000000011001001111100011110011
11000000010011111111100110111011
11000000001111011111101010000011
11000000001011011111101101001011
11000000000111111111110000010100
11000000000101001111110011011101
11000000000011001111110110100101
11000000000001011111111001101110
11000000000000101111111100110111
00111111111111111111111110011100
00111111111111101111111100110111
00111111111111011111111011010011
00111111111110111111111001101110
00111111111110001111111000001010
00111111111101001111110110100101
00111111111100001111110101000001
00111111111011001111110011011101
00111111111001111111110001111000
00111111111000011111110000010100
00111111110110101111101110101111
00111111110100111111101101001011
00111111110010111111101011100111
00111111110000111111101010000011
00111111101110101111101000011111
00111111101100011111100110111011
00111111101001101111100101010111
00111111100111001111100011110011
00111111100100001111100010001111
00111111100001001111100000101011
00111111011110001111011111000111
00111111011010101111011101100100
00111111010111011111011100000000
00111111010011101111011010011100
00111111001111111111011000111001
00111111001011111111010111010110
00111111000111111111010101110011
00111111000011101111010100001111
00111110111111011111010010101100
00111110111010111111010001001010
00111110110110001111001111100111
00111110110001011111001110000100
00111110101100011111001100100010
00111110100111001111001010111111
00111110100001111111001001011101
00111110011100011111000111111011
00111110010110111111000110011001
00111110010001001111000100110111
00111110001011011111000011010101
00111110000101001111000001110100
00111101111111001111000000010010
00111101111000101110111110110001
00111101110010011110111101010000
00111101101011101110111011101111
00111101100100111110111010001110
00111101011101111110111000101101
00111101010110111110110111001101
00111101001111101110110101101100
00111101001000011110110100001100
00111101000000101110110010101100
00111100111001001110110001001101
00111100110001011110101111101101
00111100101001011110101110001110
00111100100001001110101100101111
00111100011000111110101011010000
00111100010000101110101001110001
00111100001000001110101000010010
00111011111111011110100110110100
00111011110110101110100101010110
00111011101101101110100011111000
00111011100100011110100010011010
00111011011011001110100000111101
00111011010001111110011111100000
00111011001000001110011110000011
00111010111110101110011100100110
00111010110100101110011011001001
00111010101010101110011001101101
00111010100000101110011000010001
00111010010110011110010110110101
00111010001011111110010101011010
00111010000001011110010011111110
00111001110110101110010010100011
00111001101011111110010001001001
00111001100000111110001111101110
00111001010101111110001110010100
00111001001010101110001100111010
00111000111111011110001011100000
00111000110011111110001010000111
00111000101000001110001000101110
00111000011100011110000111010101
00111000010000011110000101111101
00111000000100011110000100100100
00110111111000001110000011001100
00110111101011111110000001110101
00110111011111011110000000011110
00110111010010111101111111000111
00110111000110001101111101110000
00110110111001011101111100011001
00110110101100011101111011000011
00110110011111001101111001101110
00110110010001111101111000011000
00110110000100101101110111000011
00110101110111001101110101101110
00110101101001011101110100011010
00110101011011101101110011000110
00110101001101101101110001110010
00110100111111101101110000011111
00110100110001101101101111001100
00110100100011001101101101111001
00110100010100111101101100100110
00110100000110011101101011010100
00110011110111101101101010000011
00110011101000111101101000110001
00110011011001111101100111100001
00110011001010111101100110010000
00110010111011101101100101000000
00110010101100011101100011110000
00110010011101001101100010100001
00110010001101101101100001010001
00110001111101111101100000000011
00110001101110001101011110110101
00110001011110011101011101100111
00110001001110001101011100011001
00110000111110001101011011001100
00110000101101111101011001111111
00110000011101101101011000110011
00110000001101001101010111100111
00101111111100011101010110011011
00101111101011111101010101010000
00101111011010111101010100000110
00101111001010001101010010111011
00101110111000111101010001110010
00101110100111111101010000101000
00101110010110101101001111011111
00101110000101001101001110010110
00101101110011101101001101001110
00101101100010001101001100000111
00101101010000011101001010111111
00101100111110011101001001111000
00101100101100101101001000110010
00101100011010101101000111101100
00101100001000011101000110100110
00101011110110001101000101100001
00101011100011101101000100011101
00101011010001011101000011011000
00101010111110101101000010010101
00101010101100001101000001010001
00101010011001011101000000001111
00101010000110011100111111001100
00101001110011011100111110001010
00101001100000011100111101001001
00101001001101001100111100001000
00101000111001111100111011001000
00101000100110011100111010000111
00101000010010111100111001001000
00100111111111011100111000001001
00100111101011111100110111001010
00100111010111111100110110001100
00100111000100001100110101001111
00100110110000001100110100010010
00100110011100001100110011010101
00100110000111111100110010011001
00100101110011111100110001011101
00100101011111011100110000100010
00100101001011001100101111100111
00100100110110101100101110101101
00100100100001111100101101110100
00100100001101001100101100111010
00100011111000011100101100000010
00100011100011101100101011001010
00100011001110101100101010010010
00100010111001101100101001011011
00100010100100101100101000100100
00100010001111011100100111101110
00100001111010001100100110111001
00100001100100101100100110000100
00100001001111011100100101001111
00100000111001111100100100011011
00100000100100001100100011101000
00100000001110011100100010110101
00011111111000101100100010000011
00011111100010111100100001010001
00011111001101001100100000100000
00011110110111001100011111101111
00011110100000111100011110111111
00011110001010111100011110001111
00011101110100101100011101100000
00011101011110011100011100110001
00011101001000001100011100000011
00011100110001101100011011010110
00011100011011001100011010101001
00011100000100101100011001111101
00011011101101111100011001010001
00011011010111011100011000100110
00011011000000101100010111111011
00011010101001101100010111010001
00011010010010111100010110100111
00011001111011111100010101111110
00011001100100111100010101010110
00011001001101111100010100101110
00011000110110101100010100000110
00011000011111011100010011100000
00011000001000001100010010111001
00010111110000111100010010010100
00010111011001101100010001101111
00010111000010001100010001001010
00010110101010101100010000100110
00010110010011001100010000000011
00010101111011101100001111100000
00010101100011111100001110111110
00010101001100001100001110011101
00010100110100011100001101111100
00010100011100101100001101011011
00010100000100111100001100111011
00010011101100111100001100011100
00010011010101001100001011111110
00010010111101001100001011011111
00010010100101001100001011000010
00010010001100111100001010100101
00010001110100111100001010001001
00010001011100101100001001101101
00010001000100011100001001010010
00010000101100001100001000110111
00010000010011111100001000011110
00001111111011101100001000000100
00001111100011001100000111101100
00001111001010111100000111010011
00001110110010011100000110111100
00001110011001111100000110100101
00001110000001011100000110001111
00001101101000111100000101111001
00001101010000011100000101100100
00001100110111101100000101001111
00001100011111001100000100111011
00001100000110011100000100101000
00001011101101101100000100010101
00001011010101001100000100000011
00001010111100011100000011110010
00001010100011011100000011100001
00001010001010101100000011010001
00001001110001111100000011000001
00001001011001001100000010110010
00001001000000001100000010100011
00001000100111001100000010010110
00001000001110011100000010001000
00000111110101011100000001111100
00000111011100011100000001110000
00000111000011011100000001100100
00000110101010011100000001011010
00000110010001011100000001001111
00000101111000011100000001000110
00000101011111011100000000111101
00000101000110011100000000110101
00000100101101011100000000101101
00000100010100011100000000100110
00000011111011001100000000011111
00000011100010001100000000011001
00000011001000111100000000010100
00000010101111111100000000010000
00000010010110111100000000001100
00000001111101101100000000001000
00000001100100101100000000000101
00000001001011011100000000000011
00000000110010011100000000000010
00000000011001001100000000000001
00111111111111011111111011010011
00111111111101001111110110100101
00111111111001111111110001111000
00111111110100111111101101001011
00111111101110101111101000011111
00111111100111001111100011110011
00111111011110001111011111000111
00111111010011101111011010011100
00111111000111111111010101110011
00111110111010111111010001001010
00111110101100011111001100100010
00111110011100011111000111111011
00111110001011011111000011010101
00111101111000101110111110110001
00111101100100111110111010001110
00111101001111101110110101101100
00111100111001001110110001001101
00111100100001001110101100101111
00111100001000001110101000010010
00111011101101101110100011111000
00111011010001111110011111100000
00111010110100101110011011001001
00111010010110011110010110110101
00111001110110101110010010100011
00111001010101111110001110010100
00111000110011111110001010000111
00111000010000011110000101111101
00110111101011111110000001110101
00110111000110001101111101110000
00110110011111001101111001101110
00110101110111001101110101101110
00110101001101101101110001110010
00110100100011001101101101111001
00110011110111101101101010000011
00110011001010111101100110010000
00110010011101001101100010100001
00110001101110001101011110110101
00110000111110001101011011001100
00110000001101001101010111100111
00101111011010111101010100000110
00101110100111111101010000101000
00101101110011101101001101001110
00101100111110011101001001111000
00101100001000011101000110100110
00101011010001011101000011011000
00101010011001011101000000001111
00101001100000011100111101001001
00101000100110011100111010000111
00100111101011111100110111001010
00100110110000001100110100010010
00100101110011111100110001011101
00100100110110101100101110101101
00100011111000011100101100000010
00100010111001101100101001011011
00100001111010001100100110111001
00100000111001111100100100011011
00011111111000101100100010000011
00011110110111001100011111101111
00011101110100101100011101100000
00011100110001101100011011010110
00011011101101111100011001010001
00011010101001101100010111010001
00011001100100111100010101010110
00011000011111011100010011100000
00010111011001101100010001101111
00010110010011001100010000000011
00010101001100001100001110011101
00010100000100111100001100111011
00010010111101001100001011011111
00010001110100111100001010001001
00010000101100001100001000110111
00001111100011001100000111101100
00001110011001111100000110100101
00001101010000011100000101100100
00001100000110011100000100101000
00001010111100011100000011110010
00001001110001111100000011000001
00001000100111001100000010010110
00000111011100011100000001110000
00000110010001011100000001001111
00000101000110011100000000110101
00000011111011001100000000011111
00000010101111111100000000010000
00000001100100101100000000000101
00000000011001001100000000000001
11111111001101111100000000000010
11111110000010101100000000001000
11111100110111011100000000010100
11111011101011111100000000100110
11111010100000111100000000111101
11111001010101111100000001011010
11111000001010111100000001111100
11110111000000001100000010100011
11110101110101101100000011010001
11110100101011001100000100000011
11110011100001001100000100111011
11110010010111011100000101111001
11110001001101111100000110111100
11110000000100101100001000000100
11101110111011111100001001010010
11101101110011011100001010100101
11101100101011001100001011111110
11101011100011101100001101011011
11101010011100011100001110111110
11101001010101101100010000100110
11101000001111011100010010010100
11100111001001101100010100000110
11100110000100011100010101111110
11100100111111101100010111111011
11100011111011101100011001111101
11100010111000001100011100000011
11100001110101011100011110001111
11100000110011001100100000100000
11011111110001111100100010110101
11011110110000111100100101001111
11011101110000111100100111101110
11011100110001101100101010010010
11011011110011001100101100111010
11011010110101001100101111100111
11011001111000011100110010011001
11011000111100001100110101001111
11011000000000111100111000001001
11010111000110011100111011001000
11010110001100111100111110001010
11010101010100001101000001010001
11010100011100101101000100011101
11010011100101101101000111101100
11010010101111111101001010111111
11010001111011001101001110010110
11010001000111011101010001110010
11010000010100011101010101010000
11001111100010101101011000110011
11001110110010001101011100011001
11001110000010011101100000000011
11001101010011111101100011110000
11001100100110011101100111100001
11001011111001111101101011010100
11001011001110101101101111001100
11001010100100101101110011000110
11001001111011101101110111000011
11001001010011111101111011000011
11001000101101011101111111000111
11001000001000001110000011001100
11000111100011111110000111010101
11000111000000111110001011100000
11000110011111011110001111101110
11000101111110111110010011111110
11000101011111101110011000010001
11000101000001101110011100100110
11000100100101001110100000111101
11000100001001101110100101010110
11000011101111101110101001110001
11000011010110111110101110001110
11000010111111101110110010101100
11000010101001011110110111001101
11000010010100101110111011101111
11000010000001001111000000010010
11000001101111001111000100110111
11000001011110011111001001011101
11000001001110111111001110000100
11000001000000111111010010101100
11000000110100011111010111010110
11000000101000111111011100000000
11000000011111001111100000101011
11000000010110101111100101010111
11000000001111011111101010000011
11000000001001101111101110101111
11000000000101001111110011011101
11000000000010001111111000001010
11000000000000101111111100110111
11000000000000010000000001100100
11000000000001010000000110010010
11000000000100000000001010111111
11000000000111110000001111101100
11000000001101010000010100011001
11000000010011110000011001000101
11000000011100000000011101110001
11000000100101100000100010011100
11000000110000010000100111000111
11000000111100100000101011110001
11000001001010000000110000011001
11000001011001000000110101000001
11000001101001010000111001100111
11000001111011000000111110001100
11000010001101110001000010110000
11000010100010010001000111010011
11000010110111110001001011110100
11000011001110110001010000010011
11000011100111010001010100110000
11000100000000110001011001001100
11000100011011110001011101100110
11000100111000000001100001111101
11000101010101100001100110010011
11000101110100010001101010100110
11000110010100010001101110110111
11000110110101100001110011000110
11000111011000000001110111010010
11000111111011110001111011011100
11001000100000110001111111100010
11001001000110110010000011100111
11001001101110010010000111101000
11001010010110110010001011100110
11001011000000100010001111100001
11001011101011010010010011011010
11001100010111010010010111001111
11001101000100100010011011000000
11001101110010100010011110101111
11001110100001110010100010011001
11001111010010010010100110000001
11010000000011110010101001100101
11010000110110000010101101000101
11010001101001100010110000100001
11010010011110000010110011111001
11010011010011100010110111001110
11010100001010000010111010011111
11010101000001100010111101101011
11010101111001110011000000110100
11010110110011000011000011111000
11010111101101010011000110111000
11011000101000010011001001110100
11011001100100000011001100101011
11011010100000110011001111011110
11011011011110010011010010001100
11011100011100100011010100110110
11011101011011100011010111011100
11011110011011100011011001111100
11011111011100000011011100011000
11100000011101010011011110101111
11100001011111010011100001000001
11100010100001110011100011001111
11100011100101000011100101010111
11100100101000110011100111011010
11100101101101010011101001011001
11100110110010010011101011010010
11100111111000000011101101000111
11101000111110000011101110110110
11101010000100100011110000100000
11101011001011110011110010000100
11101100010011010011110011100100
11101101011011000011110100111110
11101110100011100011110110010011
11101111101100010011110111100010
11110000110101010011111000101101
11110001111110110011111001110001
11110011001000100011111010110001
11110100010010100011111011101011
11110101011100110011111100011111
11110110100111000011111101001110
11110111110001110011111101111000
11111000111100110011111110011100
11111010000111110011111110111010
11111011010010110011111111010011
11111100011110000011111111100111
11111101101001010011111111110100
11111110110100110011111111111101
