1.898193359375000000e-02
1.770019531250000000e-02
3.466796875000000000e-02
5.590057373046875000e-02
7.019805908203125000e-02
1.237945556640625000e-01
2.532577514648437500e-01
5.526351928710937500e-01
3.843460083007812500e-01
3.591079711914062500e-01
3.990554809570312500e-01
5.258178710937500000e-01
5.831680297851562500e-01
5.993957519531250000e-01
5.879898071289062500e-01
7.339401245117187500e-01
6.865844726562500000e-01
6.008148193359375000e-01
7.816619873046875000e-01
7.559051513671875000e-01
9.201660156250000000e-01
1.039474487304687500e+00
8.573074340820312500e-01
6.835479736328125000e-01
7.756195068359375000e-01
7.223587036132812500e-01
7.425994873046875000e-01
7.973861694335937500e-01
8.988037109375000000e-01
7.033004760742187500e-01
8.047714233398437500e-01
7.524948120117187500e-01
7.719879150390625000e-01
6.688003540039062500e-01
6.232299804687500000e-01
6.348876953125000000e-01
6.798706054687500000e-01
5.547485351562500000e-01
6.106719970703125000e-01
6.543579101562500000e-01
6.938323974609375000e-01
6.829681396484375000e-01
5.874557495117187500e-01
5.871353149414062500e-01
6.817550659179687500e-01
5.885543823242187500e-01
4.807128906250000000e-01
3.769607543945312500e-01
4.627532958984375000e-01
4.097442626953125000e-01
3.711013793945312500e-01
3.115768432617187500e-01
3.627777099609375000e-01
2.069854736328125000e-01
1.529693603515625000e-01
1.253128051757812500e-01
7.557678222656250000e-02
5.937957763671875000e-02
2.220916748046875000e-02
4.745483398437500000e-03
1.556396484375000000e-03
9.536743164062500000e-04
6.027221679687500000e-04
6.179809570312500000e-04
2.104187011718750000e-02
1.941680908203125000e-02
3.368377685546875000e-02
4.689025878906250000e-02
5.805969238281250000e-02
1.269760131835937500e-01
3.200454711914062500e-01
4.384307861328125000e-01
4.322586059570312500e-01
3.871917724609375000e-01
4.560470581054687500e-01
5.366287231445312500e-01
5.801620483398437500e-01
5.493316650390625000e-01
5.771865844726562500e-01
7.133941650390625000e-01
7.711715698242187500e-01
7.992706298828125000e-01
7.503738403320312500e-01
8.155517578125000000e-01
8.562393188476562500e-01
9.717788696289062500e-01
8.251037597656250000e-01
8.208389282226562500e-01
7.477416992187500000e-01
7.581253051757812500e-01
7.333374023437500000e-01
6.977996826171875000e-01
8.357086181640625000e-01
7.869796752929687500e-01
7.169113159179687500e-01
7.784271240234375000e-01
7.222671508789062500e-01
6.839447021484375000e-01
5.958557128906250000e-01
6.545257568359375000e-01
6.653366088867187500e-01
5.681915283203125000e-01
6.887741088867187500e-01
5.896224975585937500e-01
6.133193969726562500e-01
6.194152832031250000e-01
6.387863159179687500e-01
5.726318359375000000e-01
6.733551025390625000e-01
5.394668579101562500e-01
4.785079956054687500e-01
4.285049438476562500e-01
4.114456176757812500e-01
4.292144775390625000e-01
3.900146484375000000e-01
3.203125000000000000e-01
3.716278076171875000e-01
2.501220703125000000e-01
1.711044311523437500e-01
1.352767944335937500e-01
8.715820312500000000e-02
6.995391845703125000e-02
1.713562011718750000e-02
4.135131835937500000e-03
1.625061035156250000e-03
9.613037109375000000e-04
6.256103515625000000e-04
4.882812500000000000e-04
2.425384521484375000e-02
1.946258544921875000e-02
3.618621826171875000e-02
4.793548583984375000e-02
6.468200683593750000e-02
1.468353271484375000e-01
3.271331787109375000e-01
5.564956665039062500e-01
4.210586547851562500e-01
3.726043701171875000e-01
4.742660522460937500e-01
4.915542602539062500e-01
6.299209594726562500e-01
5.379333496093750000e-01
6.024093627929687500e-01
6.774826049804687500e-01
6.691665649414062500e-01
7.569503784179687500e-01
7.551269531250000000e-01
8.123397827148437500e-01
9.022293090820312500e-01
9.428710937500000000e-01
7.667007446289062500e-01
7.800445556640625000e-01
8.221817016601562500e-01
7.293548583984375000e-01
7.284774780273437500e-01
7.527694702148437500e-01
6.859207153320312500e-01
7.463455200195312500e-01
7.676162719726562500e-01
7.829589843750000000e-01
7.010192871093750000e-01
6.373138427734375000e-01
6.768951416015625000e-01
6.929626464843750000e-01
7.156219482421875000e-01
6.213150024414062500e-01
6.276473999023437500e-01
6.075057983398437500e-01
6.581573486328125000e-01
5.469512939453125000e-01
5.814971923828125000e-01
5.581359863281250000e-01
6.352081298828125000e-01
5.695114135742187500e-01
3.102333068847656250e+00
4.609375000000000000e-01
4.156036376953125000e-01
3.949356079101562500e-01
3.491210937500000000e-01
3.126983642578125000e-01
3.066024780273437500e-01
2.521514892578125000e-01
1.706542968750000000e-01
1.126022338867187500e-01
9.246063232421875000e-02
7.076263427734375000e-02
1.934051513671875000e-02
4.135131835937500000e-03
1.670837402343750000e-03
9.002685546875000000e-04
7.247924804687500000e-04
7.171630859375000000e-04
2.191162109375000000e-02
1.965332031250000000e-02
3.199005126953125000e-02
4.494476318359375000e-02
6.325531005859375000e-02
1.524505615234375000e-01
3.126449584960937500e-01
4.369430541992187500e-01
4.458312988281250000e-01
4.099197387695312500e-01
4.737854003906250000e-01
5.205688476562500000e-01
5.578155517578125000e-01
6.528778076171875000e-01
6.069793701171875000e-01
7.604141235351562500e-01
6.964111328125000000e-01
9.097290039062500000e-01
8.059616088867187500e-01
8.599548339843750000e-01
8.744049072265625000e-01
9.418716430664062500e-01
7.827758789062500000e-01
8.300399780273437500e-01
8.201370239257812500e-01
6.218948364257812500e-01
7.180938720703125000e-01
7.785263061523437500e-01
7.799224853515625000e-01
7.057495117187500000e-01
7.314224243164062500e-01
7.341384887695312500e-01
7.231369018554687500e-01
5.766601562500000000e-01
6.040725708007812500e-01
6.339569091796875000e-01
7.235336303710937500e-01
5.166931152343750000e-01
5.964736938476562500e-01
5.829849243164062500e-01
7.054443359375000000e-01
6.518478393554687500e-01
5.675888061523437500e-01
6.224746704101562500e-01
6.113662719726562500e-01
5.662307739257812500e-01
3.228965759277343750e+00
4.310913085937500000e-01
4.012298583984375000e-01
4.244689941406250000e-01
3.185119628906250000e-01
3.106689453125000000e-01
3.358154296875000000e-01
2.310562133789062500e-01
1.641769409179687500e-01
1.161270141601562500e-01
8.747100830078125000e-02
5.465698242187500000e-02
1.860046386718750000e-02
4.791259765625000000e-03
1.487731933593750000e-03
9.307861328125000000e-04
6.561279296875000000e-04
6.866455078125000000e-04
1.887512207031250000e-02
1.918029785156250000e-02
3.793334960937500000e-02
4.434967041015625000e-02
7.106781005859375000e-02
1.254196166992187500e-01
3.036727905273437500e-01
5.644912719726562500e-01
4.252777099609375000e-01
3.696441650390625000e-01
4.397506713867187500e-01
5.529327392578125000e-01
6.949157714843750000e-01
5.928268432617187500e-01
6.488952636718750000e-01
7.356338500976562500e-01
7.506332397460937500e-01
7.917709350585937500e-01
7.718048095703125000e-01
7.442626953125000000e-01
8.410949707031250000e-01
9.486770629882812500e-01
7.997894287109375000e-01
7.535858154296875000e-01
7.706069946289062500e-01
7.821807861328125000e-01
7.385330200195312500e-01
8.120269775390625000e-01
7.425308227539062500e-01
7.633666992187500000e-01
7.375030517578125000e-01
8.092498779296875000e-01
7.769012451171875000e-01
7.103881835937500000e-01
6.214447021484375000e-01
6.061325073242187500e-01
6.336593627929687500e-01
5.541305541992187500e-01
5.883483886718750000e-01
6.408004760742187500e-01
8.126678466796875000e-01
5.890045166015625000e-01
5.499725341796875000e-01
5.535736083984375000e-01
5.673828125000000000e-01
5.412673950195312500e-01
4.771118164062500000e-01
4.403686523437500000e-01
4.657135009765625000e-01
4.652633666992187500e-01
3.726501464843750000e-01
2.935180664062500000e-01
2.929840087890625000e-01
2.563858032226562500e-01
1.644668579101562500e-01
1.237640380859375000e-01
8.987426757812500000e-02
5.828857421875000000e-02
2.246856689453125000e-02
4.730224609375000000e-03
1.632690429687500000e-03
9.231567382812500000e-04
6.332397460937500000e-04
6.866455078125000000e-04
1.750946044921875000e-02
1.889038085937500000e-02
3.335571289062500000e-02
5.629730224609375000e-02
6.036376953125000000e-02
1.252593994140625000e-01
3.374328613281250000e-01
5.725784301757812500e-01
4.373321533203125000e-01
4.115371704101562500e-01
4.630355834960937500e-01
5.311584472656250000e-01
5.972061157226562500e-01
5.800399780273437500e-01
6.645736694335937500e-01
7.692260742187500000e-01
7.279205322265625000e-01
8.323059082031250000e-01
7.835464477539062500e-01
9.001083374023437500e-01
8.417434692382812500e-01
9.334869384765625000e-01
7.107162475585937500e-01
7.632827758789062500e-01
7.168807983398437500e-01
7.626647949218750000e-01
7.191925048828125000e-01
8.002471923828125000e-01
8.320312500000000000e-01
7.551803588867187500e-01
7.248535156250000000e-01
8.190917968750000000e-01
7.918777465820312500e-01
6.295776367187500000e-01
6.129226684570312500e-01
6.088180541992187500e-01
6.597518920898437500e-01
6.164474487304687500e-01
6.126937866210937500e-01
6.507492065429687500e-01
7.448959350585937500e-01
5.954132080078125000e-01
6.345825195312500000e-01
5.656661987304687500e-01
5.986175537109375000e-01
5.728836059570312500e-01
4.980621337890625000e-01
4.300155639648437500e-01
4.239730834960937500e-01
4.158401489257812500e-01
3.879776000976562500e-01
3.183135986328125000e-01
2.794265747070312500e-01
2.701644897460937500e-01
1.836318969726562500e-01
1.173934936523437500e-01
8.612060546875000000e-02
5.695343017578125000e-02
2.166748046875000000e-02
5.424499511718750000e-03
1.380920410156250000e-03
9.994506835937500000e-04
8.010864257812500000e-04
7.019042968750000000e-04
2.232360839843750000e-02
1.702117919921875000e-02
3.368377685546875000e-02
5.084991455078125000e-02
6.136322021484375000e-02
1.443939208984375000e-01
2.814559936523437500e-01
4.583969116210937500e-01
3.613052368164062500e-01
3.508071899414062500e-01
4.795684814453125000e-01
4.215850830078125000e-01
6.123657226562500000e-01
5.929031372070312500e-01
6.307373046875000000e-01
7.076873779296875000e-01
7.514495849609375000e-01
7.358169555664062500e-01
8.347702026367187500e-01
7.856597900390625000e-01
7.934036254882812500e-01
9.074249267578125000e-01
7.689208984375000000e-01
7.835311889648437500e-01
8.295288085937500000e-01
7.279891967773437500e-01
6.796417236328125000e-01
9.110794067382812500e-01
8.054809570312500000e-01
6.273651123046875000e-01
7.436523437500000000e-01
7.280120849609375000e-01
6.861038208007812500e-01
7.136917114257812500e-01
6.385116577148437500e-01
6.196289062500000000e-01
6.787261962890625000e-01
5.687637329101562500e-01
6.197204589843750000e-01
5.881195068359375000e-01
7.345809936523437500e-01
6.408843994140625000e-01
6.335449218750000000e-01
5.949172973632812500e-01
6.533203125000000000e-01
5.399246215820312500e-01
4.522933959960937500e-01
4.400024414062500000e-01
4.296493530273437500e-01
4.833679199218750000e-01
3.739242553710937500e-01
3.030776977539062500e-01
3.216247558593750000e-01
2.259979248046875000e-01
1.749267578125000000e-01
1.208953857421875000e-01
9.123229980468750000e-02
5.924224853515625000e-02
1.992034912109375000e-02
4.165649414062500000e-03
1.434326171875000000e-03
9.307861328125000000e-04
7.476806640625000000e-04
5.645751953125000000e-04
2.086639404296875000e-02
2.079010009765625000e-02
3.390502929687500000e-02
4.396057128906250000e-02
6.278228759765625000e-02
1.294097900390625000e-01
3.025970458984375000e-01
5.474243164062500000e-01
4.537658691406250000e-01
4.106445312500000000e-01
4.590225219726562500e-01
5.535278320312500000e-01
6.914749145507812500e-01
5.834350585937500000e-01
6.207733154296875000e-01
6.693878173828125000e-01
7.545089721679687500e-01
7.233963012695312500e-01
8.034362792968750000e-01
7.842788696289062500e-01
7.807388305664062500e-01
9.735565185546875000e-01
8.733978271484375000e-01
7.323608398437500000e-01
8.162307739257812500e-01
6.716918945312500000e-01
6.868438720703125000e-01
8.353195190429687500e-01
7.298355102539062500e-01
6.834945678710937500e-01
8.479003906250000000e-01
6.815261840820312500e-01
7.536773681640625000e-01
6.830825805664062500e-01
7.312622070312500000e-01
7.049942016601562500e-01
6.451034545898437500e-01
6.978530883789062500e-01
5.758666992187500000e-01
4.976501464843750000e-01
6.815948486328125000e-01
6.193161010742187500e-01
6.437606811523437500e-01
5.423583984375000000e-01
6.548995971679687500e-01
5.254974365234375000e-01
4.670867919921875000e-01
4.362487792968750000e-01
4.277648925781250000e-01
4.355697631835937500e-01
3.374633789062500000e-01
2.787017822265625000e-01
3.072128295898437500e-01
2.042922973632812500e-01
1.494674682617187500e-01
1.143569946289062500e-01
9.234619140625000000e-02
5.870819091796875000e-02
1.979827880859375000e-02
4.211425781250000000e-03
1.762390136718750000e-03
9.231567382812500000e-04
6.790161132812500000e-04
6.637573242187500000e-04
2.421569824218750000e-02
2.024841308593750000e-02
3.506469726562500000e-02
5.353546142578125000e-02
6.723022460937500000e-02
1.213607788085937500e-01
3.286056518554687500e-01
4.975204467773437500e-01
4.707260131835937500e-01
3.810577392578125000e-01
4.374923706054687500e-01
5.322799682617187500e-01
5.985946655273437500e-01
5.458526611328125000e-01
6.091690063476562500e-01
6.386718750000000000e-01
7.400588989257812500e-01
8.279418945312500000e-01
7.894363403320312500e-01
8.129043579101562500e-01
8.975601196289062500e-01
8.463821411132812500e-01
8.556060791015625000e-01
8.373107910156250000e-01
8.404693603515625000e-01
6.605224609375000000e-01
6.863403320312500000e-01
8.091278076171875000e-01
7.844924926757812500e-01
7.370910644531250000e-01
8.300323486328125000e-01
8.320159912109375000e-01
6.573028564453125000e-01
6.297988891601562500e-01
6.854629516601562500e-01
6.555633544921875000e-01
7.303619384765625000e-01
6.540908813476562500e-01
6.265945434570312500e-01
6.789093017578125000e-01
7.164077758789062500e-01
6.484298706054687500e-01
6.241073608398437500e-01
5.716400146484375000e-01
5.836486816406250000e-01
4.797821044921875000e-01
5.351409912109375000e-01
4.325790405273437500e-01
4.274368286132812500e-01
5.030746459960937500e-01
3.335876464843750000e-01
2.739410400390625000e-01
3.282012939453125000e-01
2.397766113281250000e-01
1.770324707031250000e-01
1.237411499023437500e-01
7.493591308593750000e-02
5.920410156250000000e-02
1.874542236328125000e-02
4.859924316406250000e-03
1.380920410156250000e-03
8.468627929687500000e-04
6.942749023437500000e-04
5.340576171875000000e-04
2.151489257812500000e-02
1.850891113281250000e-02
3.304290771484375000e-02
5.387878417968750000e-02
5.826568603515625000e-02
1.348648071289062500e-01
3.753585815429687500e-01
5.041122436523437500e-01
4.101562500000000000e-01
3.399963378906250000e-01
4.600677490234375000e-01
5.048522949218750000e-01
7.159423828125000000e-01
6.189193725585937500e-01
5.946502685546875000e-01
7.449798583984375000e-01
7.034072875976562500e-01
7.319335937500000000e-01
8.541412353515625000e-01
8.067016601562500000e-01
8.648681640625000000e-01
8.936614990234375000e-01
7.659530639648437500e-01
8.405456542968750000e-01
6.830139160156250000e-01
7.680892944335937500e-01
7.045898437500000000e-01
7.796707153320312500e-01
7.653350830078125000e-01
7.390747070312500000e-01
7.430267333984375000e-01
7.285690307617187500e-01
7.644348144531250000e-01
6.321945190429687500e-01
6.943893432617187500e-01
6.263046264648437500e-01
7.045822143554687500e-01
6.170730590820312500e-01
6.193771362304687500e-01
6.001358032226562500e-01
7.767257690429687500e-01
5.786743164062500000e-01
6.708679199218750000e-01
6.184005737304687500e-01
5.896224975585937500e-01
6.149368286132812500e-01
4.753494262695312500e-01
4.013061523437500000e-01
3.926162719726562500e-01
4.276351928710937500e-01
3.405990600585937500e-01
3.092727661132812500e-01
3.240661621093750000e-01
2.356719970703125000e-01
1.506042480468750000e-01
1.344833374023437500e-01
7.740020751953125000e-02
5.984497070312500000e-02
2.001953125000000000e-02
4.287719726562500000e-03
1.525878906250000000e-03
1.022338867187500000e-03
4.577636718750000000e-04
7.781982421875000000e-04
2.313995361328125000e-02
1.802062988281250000e-02
3.246307373046875000e-02
5.095672607421875000e-02
6.299591064453125000e-02
1.353302001953125000e-01
3.072052001953125000e-01
4.894409179687500000e-01
4.450683593750000000e-01
3.903579711914062500e-01
4.430465698242187500e-01
5.323715209960937500e-01
6.036758422851562500e-01
5.920639038085937500e-01
6.052474975585937500e-01
7.246017456054687500e-01
6.989364624023437500e-01
7.466430664062500000e-01
7.657623291015625000e-01
7.389831542968750000e-01
8.917694091796875000e-01
8.044357299804687500e-01
7.678146362304687500e-01
8.024444580078125000e-01
7.794265747070312500e-01
7.782974243164062500e-01
6.674728393554687500e-01
8.161773681640625000e-01
8.044815063476562500e-01
6.581039428710937500e-01
8.271102905273437500e-01
7.838516235351562500e-01
7.958526611328125000e-01
6.971969604492187500e-01
6.515045166015625000e-01
7.855224609375000000e-01
6.941299438476562500e-01
4.696960449218750000e-01
5.558547973632812500e-01
5.794525146484375000e-01
7.103195190429687500e-01
6.169967651367187500e-01
7.078094482421875000e-01
5.851135253906250000e-01
6.402053833007812500e-01
6.350555419921875000e-01
4.563293457031250000e-01
4.468765258789062500e-01
4.311065673828125000e-01
3.960723876953125000e-01
3.013687133789062500e-01
3.322753906250000000e-01
3.219299316406250000e-01
2.384796142578125000e-01
1.800689697265625000e-01
1.157531738281250000e-01
9.761047363281250000e-02
5.567169189453125000e-02
2.159881591796875000e-02
4.447937011718750000e-03
1.502990722656250000e-03
9.307861328125000000e-04
6.942749023437500000e-04
5.569458007812500000e-04
2.239227294921875000e-02
1.824951171875000000e-02
3.540802001953125000e-02
4.782867431640625000e-02
6.195068359375000000e-02
1.319198608398437500e-01
2.898864746093750000e-01
5.094757080078125000e-01
4.684524536132812500e-01
3.718338012695312500e-01
4.264450073242187500e-01
5.138702392578125000e-01
5.806274414062500000e-01
5.186614990234375000e-01
5.836639404296875000e-01
7.076797485351562500e-01
7.972412109375000000e-01
7.607727050781250000e-01
8.150329589843750000e-01
7.959060668945312500e-01
7.617492675781250000e-01
8.170700073242187500e-01
7.194061279296875000e-01
8.666152954101562500e-01
7.625503540039062500e-01
7.230682373046875000e-01
7.808990478515625000e-01
7.513046264648437500e-01
8.074417114257812500e-01
7.437896728515625000e-01
7.749557495117187500e-01
8.257217407226562500e-01
6.698760986328125000e-01
6.436462402343750000e-01
6.900558471679687500e-01
6.301956176757812500e-01
6.562500000000000000e-01
5.472946166992187500e-01
6.115646362304687500e-01
6.443405151367187500e-01
7.041931152343750000e-01
6.669158935546875000e-01
6.104431152343750000e-01
6.174774169921875000e-01
6.552124023437500000e-01
5.886917114257812500e-01
4.802398681640625000e-01
4.198226928710937500e-01
4.786758422851562500e-01
4.651184082031250000e-01
3.853530883789062500e-01
2.809219360351562500e-01
3.006362915039062500e-01
2.381057739257812500e-01
1.679382324218750000e-01
1.243591308593750000e-01
8.713531494140625000e-02
6.746673583984375000e-02
2.052307128906250000e-02
4.585266113281250000e-03
1.525878906250000000e-03
8.773803710937500000e-04
6.484985351562500000e-04
6.408691406250000000e-04
1.946258544921875000e-02
2.189636230468750000e-02
3.060150146484375000e-02
5.626678466796875000e-02
6.099700927734375000e-02
1.272964477539062500e-01
3.920745849609375000e-01
4.879608154296875000e-01
3.829803466796875000e-01
3.780593872070312500e-01
4.610900878906250000e-01
4.985275268554687500e-01
6.872787475585937500e-01
6.160507202148437500e-01
7.436676025390625000e-01
7.257766723632812500e-01
7.547378540039062500e-01
7.138671875000000000e-01
8.857040405273437500e-01
6.823425292968750000e-01
8.761901855468750000e-01
8.932647705078125000e-01
7.451171875000000000e-01
8.434371948242187500e-01
7.772064208984375000e-01
7.095718383789062500e-01
7.095870971679687500e-01
7.609634399414062500e-01
7.382507324218750000e-01
7.151260375976562500e-01
8.324661254882812500e-01
6.545562744140625000e-01
7.628936767578125000e-01
6.333312988281250000e-01
5.954208374023437500e-01
5.975494384765625000e-01
6.969299316406250000e-01
6.669540405273437500e-01
6.221923828125000000e-01
5.818252563476562500e-01
6.968078613281250000e-01
5.601272583007812500e-01
6.963272094726562500e-01
5.176544189453125000e-01
6.402282714843750000e-01
5.933380126953125000e-01
4.296417236328125000e-01
4.027862548828125000e-01
4.529876708984375000e-01
4.521636962890625000e-01
3.521118164062500000e-01
3.383636474609375000e-01
3.821105957031250000e-01
2.172927856445312500e-01
1.532363891601562500e-01
1.227111816406250000e-01
7.714843750000000000e-02
6.052398681640625000e-02
2.165985107421875000e-02
4.440307617187500000e-03
1.724243164062500000e-03
8.239746093750000000e-04
6.942749023437500000e-04
5.722045898437500000e-04
2.462005615234375000e-02
1.824188232421875000e-02
3.429412841796875000e-02
5.382537841796875000e-02
5.988311767578125000e-02
1.315078735351562500e-01
3.668594360351562500e-01
4.909286499023437500e-01
4.175643920898437500e-01
4.037246704101562500e-01
4.560317993164062500e-01
5.327911376953125000e-01
6.410675048828125000e-01
6.496734619140625000e-01
5.806884765625000000e-01
7.461090087890625000e-01
7.246856689453125000e-01
7.247619628906250000e-01
7.736663818359375000e-01
7.556381225585937500e-01
8.755645751953125000e-01
9.396743774414062500e-01
7.352752685546875000e-01
7.933044433593750000e-01
7.187576293945312500e-01
7.635650634765625000e-01
6.575393676757812500e-01
8.557281494140625000e-01
7.601013183593750000e-01
7.267303466796875000e-01
8.054885864257812500e-01
8.042144775390625000e-01
7.761459350585937500e-01
7.302474975585937500e-01
6.730346679687500000e-01
7.342987060546875000e-01
7.221832275390625000e-01
5.157165527343750000e-01
5.683517456054687500e-01
6.674575805664062500e-01
6.647720336914062500e-01
6.174926757812500000e-01
6.118392944335937500e-01
6.125869750976562500e-01
6.052932739257812500e-01
5.532455444335937500e-01
4.789733886718750000e-01
4.391403198242187500e-01
3.857650756835937500e-01
4.381790161132812500e-01
3.789825439453125000e-01
3.269119262695312500e-01
3.466262817382812500e-01
2.041702270507812500e-01
1.525878906250000000e-01
1.264114379882812500e-01
8.755493164062500000e-02
5.347442626953125000e-02
1.947021484375000000e-02
4.272460937500000000e-03
1.678466796875000000e-03
9.994506835937500000e-04
5.340576171875000000e-04
6.942749023437500000e-04
2.455902099609375000e-02
1.899719238281250000e-02
3.449249267578125000e-02
4.495239257812500000e-02
6.423950195312500000e-02
1.314544677734375000e-01
3.130950927734375000e-01
5.456695556640625000e-01
4.858703613281250000e-01
3.723526000976562500e-01
4.639434814453125000e-01
5.470886230468750000e-01
7.362060546875000000e-01
5.530090332031250000e-01
6.291580200195312500e-01
6.918182373046875000e-01
7.710494995117187500e-01
6.912765502929687500e-01
8.921585083007812500e-01
7.547760009765625000e-01
8.440322875976562500e-01
8.603515625000000000e-01
8.298950195312500000e-01
7.826995849609375000e-01
7.924270629882812500e-01
6.956176757812500000e-01
7.986373901367187500e-01
7.668609619140625000e-01
8.500289916992187500e-01
6.540374755859375000e-01
7.943496704101562500e-01
8.075332641601562500e-01
7.956848144531250000e-01
6.381301879882812500e-01
6.348419189453125000e-01
6.503219604492187500e-01
6.840896606445312500e-01
6.358871459960937500e-01
6.571044921875000000e-01
5.937271118164062500e-01
7.018585205078125000e-01
5.947723388671875000e-01
6.600646972656250000e-01
5.336685180664062500e-01
5.766983032226562500e-01
5.720138549804687500e-01
5.359573364257812500e-01
4.858016967773437500e-01
4.630813598632812500e-01
4.523849487304687500e-01
3.265075683593750000e-01
3.265762329101562500e-01
3.465042114257812500e-01
2.578582763671875000e-01
1.715621948242187500e-01
1.251449584960937500e-01
8.779907226562500000e-02
5.465698242187500000e-02
1.994323730468750000e-02
4.669189453125000000e-03
1.594543457031250000e-03
9.689331054687500000e-04
5.111694335937500000e-04
7.247924804687500000e-04
2.107238769531250000e-02
1.829528808593750000e-02
3.520202636718750000e-02
5.233001708984375000e-02
6.253814697265625000e-02
1.151351928710937500e-01
2.961730957031250000e-01
5.053176879882812500e-01
3.856430053710937500e-01
4.078292846679687500e-01
4.493255615234375000e-01
4.600906372070312500e-01
6.907806396484375000e-01
6.172409057617187500e-01
5.982055664062500000e-01
6.876373291015625000e-01
8.130111694335937500e-01
7.364730834960937500e-01
7.871093750000000000e-01
8.349533081054687500e-01
8.790435791015625000e-01
9.734878540039062500e-01
8.196792602539062500e-01
8.139038085937500000e-01
7.578735351562500000e-01
7.347030639648437500e-01
7.861633300781250000e-01
7.374801635742187500e-01
7.609786987304687500e-01
6.845855712890625000e-01
7.622375488281250000e-01
7.911834716796875000e-01
7.831497192382812500e-01
6.195526123046875000e-01
6.475296020507812500e-01
7.166748046875000000e-01
7.808837890625000000e-01
6.007080078125000000e-01
6.502914428710937500e-01
5.872955322265625000e-01
7.049942016601562500e-01
5.888748168945312500e-01
6.468811035156250000e-01
5.811386108398437500e-01
6.802444458007812500e-01
5.361251831054687500e-01
4.831771850585937500e-01
4.330368041992187500e-01
4.157791137695312500e-01
4.578018188476562500e-01
3.618774414062500000e-01
3.544692993164062500e-01
2.609100341796875000e-01
2.417755126953125000e-01
1.702499389648437500e-01
1.158981323242187500e-01
7.923889160156250000e-02
6.509399414062500000e-02
2.268218994140625000e-02
4.913330078125000000e-03
1.380920410156250000e-03
9.231567382812500000e-04
6.713867187500000000e-04
7.324218750000000000e-04
