0.000000000000000000e+00
0.000000000000000000e+00
6.103515625000000000e-05
6.713867187500000000e-04
2.075195312500000000e-03
8.605957031250000000e-03
3.399658203125000000e-02
5.609130859375000000e-02
5.532836914062500000e-02
6.204223632812500000e-02
6.527709960937500000e-02
7.012939453125000000e-02
7.742309570312500000e-02
8.035278320312500000e-02
8.706665039062500000e-02
1.002807617187500000e-01
9.799194335937500000e-02
1.061401367187500000e-01
1.134643554687500000e-01
1.165466308593750000e-01
1.331176757812500000e-01
1.372985839843750000e-01
1.237182617187500000e-01
1.181030273437500000e-01
1.092529296875000000e-01
1.168212890625000000e-01
1.148681640625000000e-01
1.108093261718750000e-01
1.067199707031250000e-01
1.178894042968750000e-01
1.005859375000000000e-01
1.025695800781250000e-01
9.951782226562500000e-02
9.268188476562500000e-02
9.509277343750000000e-02
9.628295898437500000e-02
9.640502929687500000e-02
9.219360351562500000e-02
8.389282226562500000e-02
8.810424804687500000e-02
7.565307617187500000e-02
7.498168945312500000e-02
7.238769531250000000e-02
1.883026123046875000e+01
7.537841796875000000e-02
7.543945312500000000e-02
7.006835937500000000e-02
6.683349609375000000e-02
5.752563476562500000e-02
5.120849609375000000e-02
4.727172851562500000e-02
4.257202148437500000e-02
3.103637695312500000e-02
2.368164062500000000e-02
1.473999023437500000e-02
8.789062500000000000e-03
5.065917968750000000e-03
9.155273437500000000e-04
3.051757812500000000e-05
0.000000000000000000e+00
0.000000000000000000e+00
0.000000000000000000e+00
0.000000000000000000e+00
0.000000000000000000e+00
0.000000000000000000e+00
0.000000000000000000e+00
1.831054687500000000e-04
5.187988281250000000e-04
1.922607421875000000e-03
7.324218750000000000e-03
3.442382812500000000e-02
5.044555664062500000e-02
5.688476562500000000e-02
5.926513671875000000e-02
6.912231445312500000e-02
6.890869140625000000e-02
7.162475585937500000e-02
7.897949218750000000e-02
9.118652343750000000e-02
9.582519531250000000e-02
1.092224121093750000e-01
1.057128906250000000e-01
1.112976074218750000e-01
1.184997558593750000e-01
1.332092285156250000e-01
1.241455078125000000e-01
1.153869628906250000e-01
1.179504394531250000e-01
1.039733886718750000e-01
1.068725585937500000e-01
1.157531738281250000e-01
1.180725097656250000e-01
1.045532226562500000e-01
1.091918945312500000e-01
1.089782714843750000e-01
1.091918945312500000e-01
1.032714843750000000e-01
9.396362304687500000e-02
9.130859375000000000e-02
9.274291992187500000e-02
8.837890625000000000e-02
8.898925781250000000e-02
8.804321289062500000e-02
8.178710937500000000e-02
8.197021484375000000e-02
7.955932617187500000e-02
7.836914062500000000e-02
1.902581787109375000e+01
7.586669921875000000e-02
8.419799804687500000e-02
7.495117187500000000e-02
6.329345703125000000e-02
5.480957031250000000e-02
5.215454101562500000e-02
4.946899414062500000e-02
4.281616210937500000e-02
3.094482421875000000e-02
2.233886718750000000e-02
1.388549804687500000e-02
9.979248046875000000e-03
4.089355468750000000e-03
8.850097656250000000e-04
0.000000000000000000e+00
0.000000000000000000e+00
0.000000000000000000e+00
0.000000000000000000e+00
0.000000000000000000e+00
0.000000000000000000e+00
0.000000000000000000e+00
0.000000000000000000e+00
1.220703125000000000e-04
7.019042968750000000e-04
1.922607421875000000e-03
7.843017578125000000e-03
2.993774414062500000e-02
5.480957031250000000e-02
5.895996093750000000e-02
6.158447265625000000e-02
6.689453125000000000e-02
7.443237304687500000e-02
7.138061523437500000e-02
8.129882812500000000e-02
8.950805664062500000e-02
1.003723144531250000e-01
9.664916992187500000e-02
1.174621582031250000e-01
1.075134277343750000e-01
1.167907714843750000e-01
1.365356445312500000e-01
1.262817382812500000e-01
1.156616210937500000e-01
1.159057617187500000e-01
1.145629882812500000e-01
1.116943359375000000e-01
1.161499023437500000e-01
1.083679199218750000e-01
1.057128906250000000e-01
1.078186035156250000e-01
1.007080078125000000e-01
1.100158691406250000e-01
1.027221679687500000e-01
9.494018554687500000e-02
9.570312500000000000e-02
8.850097656250000000e-02
9.661865234375000000e-02
9.603881835937500000e-02
8.383178710937500000e-02
8.309936523437500000e-02
8.004760742187500000e-02
7.800292968750000000e-02
7.778930664062500000e-02
1.895974731445312500e+01
7.479858398437500000e-02
7.971191406250000000e-02
7.208251953125000000e-02
6.652832031250000000e-02
5.694580078125000000e-02
5.474853515625000000e-02
4.690551757812500000e-02
4.187011718750000000e-02
3.454589843750000000e-02
2.465820312500000000e-02
1.434326171875000000e-02
8.880615234375000000e-03
3.753662109375000000e-03
9.765625000000000000e-04
6.103515625000000000e-05
0.000000000000000000e+00
0.000000000000000000e+00
0.000000000000000000e+00
0.000000000000000000e+00
0.000000000000000000e+00
0.000000000000000000e+00
0.000000000000000000e+00
6.103515625000000000e-05
5.798339843750000000e-04
2.136230468750000000e-03
7.995605468750000000e-03
2.838134765625000000e-02
5.969238281250000000e-02
5.700683593750000000e-02
6.210327148437500000e-02
6.689453125000000000e-02
7.391357421875000000e-02
7.260131835937500000e-02
8.483886718750000000e-02
9.347534179687500000e-02
9.494018554687500000e-02
1.009521484375000000e-01
1.083679199218750000e-01
1.255493164062500000e-01
1.209106445312500000e-01
1.342468261718750000e-01
1.323242187500000000e-01
1.254577636718750000e-01
1.101074218750000000e-01
1.078796386718750000e-01
1.134033203125000000e-01
1.154174804687500000e-01
1.134643554687500000e-01
1.127319335937500000e-01
1.035156250000000000e-01
1.106567382812500000e-01
1.067504882812500000e-01
1.024475097656250000e-01
9.292602539062500000e-02
9.338378906250000000e-02
9.527587890625000000e-02
8.898925781250000000e-02
8.285522460937500000e-02
8.996582031250000000e-02
8.258056640625000000e-02
7.821655273437500000e-02
8.038330078125000000e-02
7.623291015625000000e-02
1.892770385742187500e+01
7.241821289062500000e-02
8.264160156250000000e-02
7.409667968750000000e-02
6.005859375000000000e-02
6.036376953125000000e-02
5.227661132812500000e-02
4.797363281250000000e-02
4.675292968750000000e-02
3.524780273437500000e-02
2.383422851562500000e-02
1.498413085937500000e-02
8.270263671875000000e-03
4.669189453125000000e-03
1.312255859375000000e-03
3.051757812500000000e-05
0.000000000000000000e+00
0.000000000000000000e+00
0.000000000000000000e+00
0.000000000000000000e+00
0.000000000000000000e+00
0.000000000000000000e+00
0.000000000000000000e+00
6.103515625000000000e-05
9.460449218750000000e-04
2.410888671875000000e-03
6.805419921875000000e-03
3.048706054687500000e-02
5.453491210937500000e-02
5.911254882812500000e-02
6.094360351562500000e-02
6.695556640625000000e-02
7.382202148437500000e-02
7.962036132812500000e-02
8.508300781250000000e-02
8.489990234375000000e-02
1.036376953125000000e-01
9.387207031250000000e-02
1.127014160156250000e-01
1.128845214843750000e-01
1.186523437500000000e-01
1.378784179687500000e-01
1.215820312500000000e-01
1.208496093750000000e-01
1.179504394531250000e-01
1.165771484375000000e-01
1.144409179687500000e-01
1.149291992187500000e-01
1.094055175781250000e-01
1.067504882812500000e-01
1.038513183593750000e-01
1.111145019531250000e-01
1.014709472656250000e-01
1.025390625000000000e-01
9.222412109375000000e-02
9.579467773437500000e-02
8.892822265625000000e-02
9.359741210937500000e-02
8.926391601562500000e-02
8.514404296875000000e-02
8.282470703125000000e-02
8.087158203125000000e-02
7.336425781250000000e-02
7.580566406250000000e-02
1.889978027343750000e+01
7.171630859375000000e-02
8.184814453125000000e-02
7.232666015625000000e-02
6.222534179687500000e-02
5.651855468750000000e-02
4.891967773437500000e-02
4.998779296875000000e-02
3.897094726562500000e-02
3.372192382812500000e-02
2.243041992187500000e-02
1.388549804687500000e-02
8.056640625000000000e-03
5.645751953125000000e-03
1.220703125000000000e-03
6.103515625000000000e-05
0.000000000000000000e+00
0.000000000000000000e+00
0.000000000000000000e+00
0.000000000000000000e+00
0.000000000000000000e+00
0.000000000000000000e+00
0.000000000000000000e+00
1.220703125000000000e-04
6.408691406250000000e-04
2.227783203125000000e-03
7.690429687500000000e-03
2.801513671875000000e-02
5.447387695312500000e-02
5.645751953125000000e-02
6.521606445312500000e-02
6.350708007812500000e-02
7.089233398437500000e-02
8.038330078125000000e-02
8.285522460937500000e-02
9.100341796875000000e-02
9.124755859375000000e-02
1.007690429687500000e-01
1.096496582031250000e-01
1.082153320312500000e-01
1.130371093750000000e-01
1.397705078125000000e-01
1.306152343750000000e-01
1.292114257812500000e-01
1.200561523437500000e-01
1.128234863281250000e-01
1.091308593750000000e-01
1.152954101562500000e-01
1.118164062500000000e-01
1.054687500000000000e-01
1.000671386718750000e-01
1.119689941406250000e-01
1.097412109375000000e-01
9.741210937500000000e-02
9.616088867187500000e-02
9.146118164062500000e-02
9.686279296875000000e-02
9.127807617187500000e-02
9.170532226562500000e-02
9.191894531250000000e-02
8.255004882812500000e-02
7.678222656250000000e-02
7.308959960937500000e-02
7.131958007812500000e-02
1.880487060546875000e+01
7.015991210937500000e-02
7.958984375000000000e-02
7.565307617187500000e-02
6.304931640625000000e-02
6.008911132812500000e-02
5.102539062500000000e-02
4.626464843750000000e-02
4.385375976562500000e-02
3.240966796875000000e-02
2.148437500000000000e-02
1.333618164062500000e-02
9.368896484375000000e-03
3.906250000000000000e-03
1.007080078125000000e-03
0.000000000000000000e+00
0.000000000000000000e+00
0.000000000000000000e+00
0.000000000000000000e+00
0.000000000000000000e+00
0.000000000000000000e+00
0.000000000000000000e+00
0.000000000000000000e+00
3.051757812500000000e-05
6.408691406250000000e-04
2.410888671875000000e-03
8.850097656250000000e-03
2.975463867187500000e-02
5.395507812500000000e-02
5.462646484375000000e-02
6.060791015625000000e-02
5.947875976562500000e-02
7.150268554687500000e-02
7.965087890625000000e-02
8.581542968750000000e-02
9.381103515625000000e-02
9.396362304687500000e-02
9.341430664062500000e-02
1.063537597656250000e-01
1.055908203125000000e-01
1.239013671875000000e-01
1.349487304687500000e-01
1.235656738281250000e-01
1.231384277343750000e-01
1.126098632812500000e-01
1.189575195312500000e-01
1.201782226562500000e-01
1.130065917968750000e-01
1.098022460937500000e-01
1.082458496093750000e-01
1.005249023437500000e-01
1.073303222656250000e-01
1.076965332031250000e-01
1.032714843750000000e-01
9.365844726562500000e-02
9.109497070312500000e-02
9.078979492187500000e-02
9.085083007812500000e-02
8.813476562500000000e-02
8.923339843750000000e-02
8.819580078125000000e-02
8.483886718750000000e-02
7.910156250000000000e-02
7.269287109375000000e-02
1.876251220703125000e+01
8.105468750000000000e-02
7.794189453125000000e-02
7.498168945312500000e-02
6.936645507812500000e-02
5.523681640625000000e-02
5.422973632812500000e-02
4.742431640625000000e-02
3.805541992187500000e-02
3.439331054687500000e-02
2.090454101562500000e-02
1.452636718750000000e-02
8.544921875000000000e-03
4.302978515625000000e-03
8.850097656250000000e-04
3.051757812500000000e-05
0.000000000000000000e+00
0.000000000000000000e+00
0.000000000000000000e+00
0.000000000000000000e+00
0.000000000000000000e+00
0.000000000000000000e+00
0.000000000000000000e+00
1.525878906250000000e-04
4.882812500000000000e-04
1.953125000000000000e-03
7.507324218750000000e-03
3.015136718750000000e-02
5.789184570312500000e-02
5.783081054687500000e-02
6.051635742187500000e-02
6.979370117187500000e-02
7.403564453125000000e-02
7.351684570312500000e-02
7.553100585937500000e-02
1.003417968750000000e-01
9.735107421875000000e-02
1.037902832031250000e-01
1.064147949218750000e-01
1.060485839843750000e-01
1.177062988281250000e-01
1.398315429687500000e-01
1.287841796875000000e-01
1.163940429687500000e-01
1.219482421875000000e-01
1.122131347656250000e-01
1.153869628906250000e-01
1.204833984375000000e-01
1.109924316406250000e-01
9.939575195312500000e-02
1.034240722656250000e-01
1.111450195312500000e-01
1.017150878906250000e-01
9.677124023437500000e-02
9.063720703125000000e-02
9.332275390625000000e-02
9.436035156250000000e-02
9.890747070312500000e-02
8.782958984375000000e-02
8.685302734375000000e-02
8.425903320312500000e-02
8.078002929687500000e-02
8.047485351562500000e-02
7.464599609375000000e-02
1.891946411132812500e+01
7.559204101562500000e-02
8.007812500000000000e-02
7.583618164062500000e-02
6.445312500000000000e-02
6.094360351562500000e-02
5.224609375000000000e-02
4.873657226562500000e-02
4.309082031250000000e-02
3.277587890625000000e-02
2.279663085937500000e-02
1.498413085937500000e-02
8.880615234375000000e-03
3.601074218750000000e-03
9.460449218750000000e-04
3.051757812500000000e-05
0.000000000000000000e+00
0.000000000000000000e+00
0.000000000000000000e+00
0.000000000000000000e+00
0.000000000000000000e+00
0.000000000000000000e+00
0.000000000000000000e+00
6.103515625000000000e-05
4.882812500000000000e-04
2.227783203125000000e-03
8.850097656250000000e-03
3.054809570312500000e-02
5.197143554687500000e-02
5.581665039062500000e-02
5.624389648437500000e-02
6.817626953125000000e-02
7.308959960937500000e-02
7.327270507812500000e-02
8.331298828125000000e-02
8.496093750000000000e-02
9.881591796875000000e-02
1.035766601562500000e-01
1.061401367187500000e-01
1.112365722656250000e-01
1.153869628906250000e-01
1.390380859375000000e-01
1.281127929687500000e-01
1.231079101562500000e-01
1.159362792968750000e-01
1.111755371093750000e-01
1.150512695312500000e-01
1.212768554687500000e-01
1.161499023437500000e-01
1.008911132812500000e-01
1.019897460937500000e-01
1.096191406250000000e-01
9.841918945312500000e-02
1.032104492187500000e-01
8.697509765625000000e-02
9.414672851562500000e-02
9.246826171875000000e-02
9.002685546875000000e-02
8.886718750000000000e-02
8.319091796875000000e-02
8.386230468750000000e-02
7.714843750000000000e-02
7.669067382812500000e-02
7.717895507812500000e-02
1.887811279296875000e+01
7.775878906250000000e-02
7.519531250000000000e-02
7.116699218750000000e-02
6.491088867187500000e-02
5.670166015625000000e-02
5.172729492187500000e-02
4.327392578125000000e-02
4.357910156250000000e-02
3.094482421875000000e-02
2.282714843750000000e-02
1.461791992187500000e-02
9.155273437500000000e-03
4.486083984375000000e-03
1.037597656250000000e-03
3.051757812500000000e-05
0.000000000000000000e+00
0.000000000000000000e+00
0.000000000000000000e+00
0.000000000000000000e+00
0.000000000000000000e+00
0.000000000000000000e+00
0.000000000000000000e+00
9.155273437500000000e-05
5.798339843750000000e-04
2.258300781250000000e-03
7.934570312500000000e-03
3.176879882812500000e-02
5.697631835937500000e-02
5.419921875000000000e-02
6.213378906250000000e-02
6.671142578125000000e-02
6.961059570312500000e-02
7.489013671875000000e-02
7.998657226562500000e-02
9.478759765625000000e-02
9.204101562500000000e-02
9.570312500000000000e-02
1.078491210937500000e-01
1.135864257812500000e-01
1.137695312500000000e-01
1.340026855468750000e-01
1.359252929687500000e-01
1.304626464843750000e-01
1.082763671875000000e-01
1.124267578125000000e-01
1.121520996093750000e-01
1.241760253906250000e-01
1.075744628906250000e-01
1.033020019531250000e-01
1.099548339843750000e-01
1.122436523437500000e-01
1.017150878906250000e-01
9.924316406250000000e-02
9.207153320312500000e-02
8.804321289062500000e-02
9.713745117187500000e-02
1.007690429687500000e-01
8.709716796875000000e-02
7.885742187500000000e-02
7.839965820312500000e-02
7.836914062500000000e-02
7.571411132812500000e-02
7.681274414062500000e-02
1.887316894531250000e+01
7.693481445312500000e-02
8.123779296875000000e-02
7.626342773437500000e-02
6.564331054687500000e-02
5.990600585937500000e-02
5.154418945312500000e-02
4.669189453125000000e-02
4.058837890625000000e-02
3.366088867187500000e-02
2.316284179687500000e-02
1.498413085937500000e-02
8.514404296875000000e-03
4.272460937500000000e-03
1.220703125000000000e-03
3.051757812500000000e-05
0.000000000000000000e+00
0.000000000000000000e+00
0.000000000000000000e+00
0.000000000000000000e+00
0.000000000000000000e+00
3.051757812500000000e-05
0.000000000000000000e+00
6.103515625000000000e-05
4.272460937500000000e-04
1.800537109375000000e-03
7.751464843750000000e-03
3.039550781250000000e-02
5.526733398437500000e-02
6.048583984375000000e-02
6.173706054687500000e-02
6.652832031250000000e-02
7.061767578125000000e-02
7.220458984375000000e-02
7.940673828125000000e-02
9.136962890625000000e-02
9.463500976562500000e-02
1.023559570312500000e-01
1.027526855468750000e-01
1.025085449218750000e-01
1.184387207031250000e-01
1.318359375000000000e-01
1.285095214843750000e-01
1.109008789062500000e-01
1.215515136718750000e-01
1.085510253906250000e-01
1.262817382812500000e-01
1.216125488281250000e-01
1.107482910156250000e-01
1.022949218750000000e-01
1.069335937500000000e-01
1.138305664062500000e-01
1.057434082031250000e-01
9.594726562500000000e-02
8.816528320312500000e-02
9.320068359375000000e-02
9.097290039062500000e-02
8.822631835937500000e-02
8.895874023437500000e-02
8.456420898437500000e-02
8.227539062500000000e-02
8.834838867187500000e-02
7.812500000000000000e-02
7.537841796875000000e-02
1.888272094726562500e+01
7.943725585937500000e-02
8.096313476562500000e-02
7.357788085937500000e-02
6.564331054687500000e-02
5.444335937500000000e-02
4.742431640625000000e-02
4.470825195312500000e-02
4.306030273437500000e-02
3.051757812500000000e-02
2.243041992187500000e-02
1.519775390625000000e-02
9.429931640625000000e-03
4.333496093750000000e-03
1.403808593750000000e-03
0.000000000000000000e+00
0.000000000000000000e+00
0.000000000000000000e+00
0.000000000000000000e+00
0.000000000000000000e+00
0.000000000000000000e+00
0.000000000000000000e+00
0.000000000000000000e+00
3.051757812500000000e-05
9.460449218750000000e-04
1.831054687500000000e-03
7.720947265625000000e-03
3.173828125000000000e-02
5.459594726562500000e-02
6.109619140625000000e-02
6.033325195312500000e-02
6.488037109375000000e-02
7.073974609375000000e-02
7.205200195312500000e-02
8.273315429687500000e-02
8.734130859375000000e-02
9.967041015625000000e-02
1.053466796875000000e-01
1.094360351562500000e-01
1.254272460937500000e-01
1.133728027343750000e-01
1.351928710937500000e-01
1.324768066406250000e-01
1.191711425781250000e-01
1.147155761718750000e-01
1.072387695312500000e-01
1.121826171875000000e-01
1.241760253906250000e-01
1.100158691406250000e-01
1.049804687500000000e-01
1.002502441406250000e-01
1.142272949218750000e-01
1.119995117187500000e-01
1.030273437500000000e-01
9.204101562500000000e-02
9.405517578125000000e-02
9.591674804687500000e-02
9.274291992187500000e-02
8.679199218750000000e-02
9.097290039062500000e-02
7.904052734375000000e-02
8.224487304687500000e-02
8.139038085937500000e-02
7.623291015625000000e-02
1.878930664062500000e+01
7.489013671875000000e-02
7.968139648437500000e-02
7.125854492187500000e-02
6.362915039062500000e-02
5.828857421875000000e-02
5.416870117187500000e-02
4.544067382812500000e-02
3.897094726562500000e-02
3.158569335937500000e-02
2.178955078125000000e-02
1.379394531250000000e-02
9.155273437500000000e-03
4.516601562500000000e-03
7.019042968750000000e-04
0.000000000000000000e+00
0.000000000000000000e+00
0.000000000000000000e+00
0.000000000000000000e+00
0.000000000000000000e+00
0.000000000000000000e+00
0.000000000000000000e+00
0.000000000000000000e+00
9.155273437500000000e-05
4.272460937500000000e-04
1.800537109375000000e-03
7.904052734375000000e-03
3.143310546875000000e-02
5.422973632812500000e-02
5.825805664062500000e-02
5.902099609375000000e-02
6.335449218750000000e-02
6.561279296875000000e-02
7.656860351562500000e-02
8.370971679687500000e-02
8.905029296875000000e-02
1.004638671875000000e-01
9.182739257812500000e-02
1.058044433593750000e-01
1.150207519531250000e-01
1.204833984375000000e-01
1.380920410156250000e-01
1.296691894531250000e-01
1.201782226562500000e-01
1.114196777343750000e-01
1.193847656250000000e-01
1.230468750000000000e-01
1.190795898437500000e-01
1.093750000000000000e-01
1.136169433593750000e-01
1.065673828125000000e-01
1.090087890625000000e-01
1.031188964843750000e-01
1.006774902343750000e-01
9.585571289062500000e-02
9.811401367187500000e-02
9.472656250000000000e-02
9.442138671875000000e-02
8.987426757812500000e-02
9.237670898437500000e-02
8.340454101562500000e-02
7.760620117187500000e-02
7.763671875000000000e-02
7.870483398437500000e-02
1.878009033203125000e+01
7.727050781250000000e-02
7.879638671875000000e-02
7.766723632812500000e-02
6.118774414062500000e-02
6.442260742187500000e-02
5.023193359375000000e-02
4.580688476562500000e-02
4.043579101562500000e-02
3.302001953125000000e-02
2.355957031250000000e-02
1.443481445312500000e-02
9.216308593750000000e-03
4.241943359375000000e-03
1.129150390625000000e-03
3.051757812500000000e-05
0.000000000000000000e+00
0.000000000000000000e+00
0.000000000000000000e+00
0.000000000000000000e+00
0.000000000000000000e+00
0.000000000000000000e+00
0.000000000000000000e+00
3.051757812500000000e-05
6.408691406250000000e-04
1.953125000000000000e-03
7.904052734375000000e-03
3.253173828125000000e-02
5.328369140625000000e-02
5.603027343750000000e-02
6.060791015625000000e-02
6.622314453125000000e-02
6.704711914062500000e-02
7.644653320312500000e-02
8.480834960937500000e-02
9.533691406250000000e-02
1.008605957031250000e-01
9.707641601562500000e-02
1.064453125000000000e-01
1.171875000000000000e-01
1.168518066406250000e-01
1.338806152343750000e-01
1.268005371093750000e-01
1.226501464843750000e-01
1.106262207031250000e-01
1.104125976562500000e-01
1.146850585937500000e-01
1.143188476562500000e-01
1.101684570312500000e-01
1.035156250000000000e-01
1.124877929687500000e-01
1.064758300781250000e-01
1.128540039062500000e-01
1.050415039062500000e-01
9.530639648437500000e-02
9.573364257812500000e-02
9.429931640625000000e-02
9.487915039062500000e-02
9.436035156250000000e-02
8.215332031250000000e-02
8.648681640625000000e-02
7.968139648437500000e-02
7.675170898437500000e-02
7.531738281250000000e-02
1.890975952148437500e+01
7.284545898437500000e-02
8.306884765625000000e-02
7.818603515625000000e-02
6.494140625000000000e-02
5.703735351562500000e-02
5.114746093750000000e-02
4.992675781250000000e-02
4.327392578125000000e-02
3.460693359375000000e-02
2.322387695312500000e-02
1.593017578125000000e-02
8.789062500000000000e-03
4.730224609375000000e-03
1.068115234375000000e-03
0.000000000000000000e+00
0.000000000000000000e+00
0.000000000000000000e+00
0.000000000000000000e+00
0.000000000000000000e+00
0.000000000000000000e+00
0.000000000000000000e+00
0.000000000000000000e+00
3.051757812500000000e-05
5.187988281250000000e-04
1.922607421875000000e-03
7.507324218750000000e-03
3.207397460937500000e-02
5.413818359375000000e-02
5.871582031250000000e-02
5.889892578125000000e-02
6.393432617187500000e-02
6.713867187500000000e-02
7.458496093750000000e-02
8.520507812500000000e-02
8.697509765625000000e-02
9.649658203125000000e-02
9.994506835937500000e-02
1.018676757812500000e-01
1.114807128906250000e-01
1.184692382812500000e-01
1.392822265625000000e-01
1.217956542968750000e-01
1.193847656250000000e-01
1.089477539062500000e-01
1.157226562500000000e-01
1.227722167968750000e-01
1.109924316406250000e-01
1.166381835937500000e-01
1.017761230468750000e-01
1.043701171875000000e-01
1.044921875000000000e-01
1.115722656250000000e-01
9.582519531250000000e-02
9.594726562500000000e-02
9.393310546875000000e-02
9.509277343750000000e-02
9.646606445312500000e-02
8.526611328125000000e-02
8.303833007812500000e-02
8.331298828125000000e-02
7.357788085937500000e-02
7.733154296875000000e-02
7.528686523437500000e-02
1.884130859375000000e+01
7.785034179687500000e-02
7.620239257812500000e-02
7.275390625000000000e-02
6.192016601562500000e-02
5.426025390625000000e-02
5.508422851562500000e-02
5.032348632812500000e-02
3.973388671875000000e-02
3.051757812500000000e-02
2.331542968750000000e-02
1.467895507812500000e-02
9.368896484375000000e-03
4.364013671875000000e-03
1.007080078125000000e-03
3.051757812500000000e-05
0.000000000000000000e+00
0.000000000000000000e+00
0.000000000000000000e+00
0.000000000000000000e+00
0.000000000000000000e+00
0.000000000000000000e+00
0.000000000000000000e+00
1.831054687500000000e-04
6.408691406250000000e-04
2.166748046875000000e-03
7.049560546875000000e-03
2.874755859375000000e-02
5.801391601562500000e-02
5.728149414062500000e-02
6.030273437500000000e-02
6.802368164062500000e-02
6.942749023437500000e-02
7.824707031250000000e-02
8.087158203125000000e-02
8.804321289062500000e-02
9.719848632812500000e-02
1.015625000000000000e-01
1.028747558593750000e-01
1.167602539062500000e-01
1.263122558593750000e-01
1.332092285156250000e-01
1.220397949218750000e-01
1.304626464843750000e-01
1.156005859375000000e-01
1.193542480468750000e-01
1.134338378906250000e-01
1.136779785156250000e-01
1.085205078125000000e-01
1.121215820312500000e-01
1.117858886718750000e-01
1.090698242187500000e-01
1.134338378906250000e-01
9.643554687500000000e-02
9.506225585937500000e-02
9.655761718750000000e-02
9.741210937500000000e-02
9.432983398437500000e-02
8.728027343750000000e-02
7.992553710937500000e-02
8.853149414062500000e-02
8.392333984375000000e-02
7.946777343750000000e-02
7.318115234375000000e-02
1.879486083984375000e+01
7.598876953125000000e-02
7.803344726562500000e-02
6.872558593750000000e-02
6.323242187500000000e-02
5.383300781250000000e-02
5.355834960937500000e-02
5.233764648437500000e-02
4.397583007812500000e-02
3.265380859375000000e-02
2.282714843750000000e-02
1.361083984375000000e-02
8.300781250000000000e-03
4.547119140625000000e-03
1.007080078125000000e-03
3.051757812500000000e-05
0.000000000000000000e+00
0.000000000000000000e+00
0.000000000000000000e+00
0.000000000000000000e+00
0.000000000000000000e+00
