3.295898437500000000e-02
4.609680175781250000e-02
5.717468261718750000e-02
1.262664794921875000e-01
3.192291259765625000e-01
4.376068115234375000e-01
4.313201904296875000e-01
3.864135742187500000e-01
4.552001953125000000e-01
5.356750488281250000e-01
5.792541503906250000e-01
5.484466552734375000e-01
5.763854980468750000e-01
7.126159667968750000e-01
7.703399658203125000e-01
7.984313964843750000e-01
7.495269775390625000e-01
8.146667480468750000e-01
8.554229736328125000e-01
9.708862304687500000e-01
8.243255615234375000e-01
8.199462890625000000e-01
7.469329833984375000e-01
7.572021484375000000e-01
7.323760986328125000e-01
6.969604492187500000e-01
8.348846435546875000e-01
7.861785888671875000e-01
7.160034179687500000e-01
7.776489257812500000e-01
7.213745117187500000e-01
6.831359863281250000e-01
5.949554443359375000e-01
6.536407470703125000e-01
6.644439697265625000e-01
5.674438476562500000e-01
6.879119873046875000e-01
5.888214111328125000e-01
6.125030517578125000e-01
6.185150146484375000e-01
6.379547119140625000e-01
5.717010498046875000e-01
6.725921630859375000e-01
5.385742187500000000e-01
4.775238037109375000e-01
4.277038574218750000e-01
4.105682373046875000e-01
4.283599853515625000e-01
3.892364501953125000e-01
3.195343017578125000e-01
3.707275390625000000e-01
2.492675781250000000e-01
1.702117919921875000e-01
1.343994140625000000e-01
8.638000488281250000e-02
6.912231445312500000e-02
1.626586914062500000e-02
3.341674804687500000e-03
1.007080078125000000e-03
4.577636718750000000e-04
1.678466796875000000e-04
1.373291015625000000e-04
2.203369140625000000e-02
1.853942871093750000e-02
3.361511230468750000e-02
4.516601562500000000e-02
6.694030761718750000e-02
1.462554931640625000e-01
3.369293212890625000e-01
5.155181884765625000e-01
4.340057373046875000e-01
3.907318115234375000e-01
4.459381103515625000e-01
4.973297119140625000e-01
6.508331298828125000e-01
5.563354492187500000e-01
6.140289306640625000e-01
7.221679687500000000e-01
6.774749755859375000e-01
8.572387695312500000e-01
7.513580322265625000e-01
8.345794677734375000e-01
8.135986328125000000e-01
9.192047119140625000e-01
7.411041259765625000e-01
7.946624755859375000e-01
8.478240966796875000e-01
6.583404541015625000e-01
7.464141845703125000e-01
7.460784912109375000e-01
7.461700439453125000e-01
7.474517822265625000e-01
7.169342041015625000e-01
7.630615234375000000e-01
7.584838867187500000e-01
6.334686279296875000e-01
6.946105957031250000e-01
6.363983154296875000e-01
6.939697265625000000e-01
6.006927490234375000e-01
5.955200195312500000e-01
5.505371093750000000e-01
6.339111328125000000e-01
5.441131591796875000e-01
5.631256103515625000e-01
6.089172363281250000e-01
6.609802246093750000e-01
5.821838378906250000e-01
3.201950073242187500e+00
4.632873535156250000e-01
4.054870605468750000e-01
3.702239990234375000e-01
3.113708496093750000e-01
3.181152343750000000e-01
2.958068847656250000e-01
2.469482421875000000e-01
1.649780273437500000e-01
1.121063232421875000e-01
8.244323730468750000e-02
6.576538085937500000e-02
1.696777343750000000e-02
3.616333007812500000e-03
9.460449218750000000e-04
4.272460937500000000e-04
2.731323242187500000e-03
2.731323242187500000e-03
2.262878417968750000e-02
1.809692382812500000e-02
3.323364257812500000e-02
4.412841796875000000e-02
6.373596191406250000e-02
1.294860839843750000e-01
3.123779296875000000e-01
4.582672119140625000e-01
4.568328857421875000e-01
4.021301269531250000e-01
4.872589111328125000e-01
5.372619628906250000e-01
5.400085449218750000e-01
6.429901123046875000e-01
6.098175048828125000e-01
7.108306884765625000e-01
7.203063964843750000e-01
8.009643554687500000e-01
8.072052001953125000e-01
8.723602294921875000e-01
8.973999023437500000e-01
9.479064941406250000e-01
8.012847900390625000e-01
8.476562500000000000e-01
7.652587890625000000e-01
7.133178710937500000e-01
7.109680175781250000e-01
7.771301269531250000e-01
7.313537597656250000e-01
7.388916015625000000e-01
7.444763183593750000e-01
7.566986083984375000e-01
7.299041748046875000e-01
5.907745361328125000e-01
5.771331787109375000e-01
6.528625488281250000e-01
7.034149169921875000e-01
5.124206542968750000e-01
5.938873291015625000e-01
5.996398925781250000e-01
7.207183837890625000e-01
6.540069580078125000e-01
5.494079589843750000e-01
6.250305175781250000e-01
5.609893798828125000e-01
5.519866943359375000e-01
2.556365966796875000e+00
4.142150878906250000e-01
4.440002441406250000e-01
4.453277587890625000e-01
3.527069091796875000e-01
3.163604736328125000e-01
3.425750732421875000e-01
2.301635742187500000e-01
1.714782714843750000e-01
1.188964843750000000e-01
9.542846679687500000e-02
5.418395996093750000e-02
1.789855957031250000e-02
3.936767578125000000e-03
1.007080078125000000e-03
4.119873046875000000e-04
1.678466796875000000e-04
2.136230468750000000e-04
1.766967773437500000e-02
1.846313476562500000e-02
3.443908691406250000e-02
4.492187500000000000e-02
6.843566894531250000e-02
1.273193359375000000e-01
3.115844726562500000e-01
5.882415771484375000e-01
4.002838134765625000e-01
3.629913330078125000e-01
4.378509521484375000e-01
5.375518798828125000e-01
7.093811035156250000e-01
6.140289306640625000e-01
6.424713134765625000e-01
8.230895996093750000e-01
7.832946777343750000e-01
8.439941406250000000e-01
7.217712402343750000e-01
7.370452880859375000e-01
8.222198486328125000e-01
9.593353271484375000e-01
7.814025878906250000e-01
7.566528320312500000e-01
8.209381103515625000e-01
7.789916992187500000e-01
7.420196533203125000e-01
8.183898925781250000e-01
7.743225097656250000e-01
7.290191650390625000e-01
7.437133789062500000e-01
8.185272216796875000e-01
7.147369384765625000e-01
7.165222167968750000e-01
6.013793945312500000e-01
6.130065917968750000e-01
6.187438964843750000e-01
5.520172119140625000e-01
6.173248291015625000e-01
6.730651855468750000e-01
8.403472900390625000e-01
5.799102783203125000e-01
6.185150146484375000e-01
5.456848144531250000e-01
6.003723144531250000e-01
5.181884765625000000e-01
4.882354736328125000e-01
4.508514404296875000e-01
4.490356445312500000e-01
4.359283447265625000e-01
3.530426025390625000e-01
2.975006103515625000e-01
2.696838378906250000e-01
2.381286621093750000e-01
1.726226806640625000e-01
1.192016601562500000e-01
8.044433593750000000e-02
5.786132812500000000e-02
2.290344238281250000e-02
3.936767578125000000e-03
8.697509765625000000e-04
4.119873046875000000e-04
1.831054687500000000e-04
3.051757812500000000e-04
1.745605468750000000e-02
1.828002929687500000e-02
3.477478027343750000e-02
5.699157714843750000e-02
5.732727050781250000e-02
1.325836181640625000e-01
3.362579345703125000e-01
5.300140380859375000e-01
4.279937744140625000e-01
4.172821044921875000e-01
4.655609130859375000e-01
5.066070556640625000e-01
6.107330322265625000e-01
5.473480224609375000e-01
6.626434326171875000e-01
6.634521484375000000e-01
7.183532714843750000e-01
7.985687255859375000e-01
8.374786376953125000e-01
9.114685058593750000e-01
8.459014892578125000e-01
9.133758544921875000e-01
7.121734619140625000e-01
7.247009277343750000e-01
7.441101074218750000e-01
7.625122070312500000e-01
6.984863281250000000e-01
8.296508789062500000e-01
7.741241455078125000e-01
7.030639648437500000e-01
6.820220947265625000e-01
8.144531250000000000e-01
8.110809326171875000e-01
6.393127441406250000e-01
6.580047607421875000e-01
6.003265380859375000e-01
6.757965087890625000e-01
6.251525878906250000e-01
5.908050537109375000e-01
6.429443359375000000e-01
6.853332519531250000e-01
6.176147460937500000e-01
6.094818115234375000e-01
5.410156250000000000e-01
5.502014160156250000e-01
5.567016601562500000e-01
4.931793212890625000e-01
4.320678710937500000e-01
4.020996093750000000e-01
4.030609130859375000e-01
4.034729003906250000e-01
3.136901855468750000e-01
3.106689453125000000e-01
2.707061767578125000e-01
1.691894531250000000e-01
1.173706054687500000e-01
9.132385253906250000e-02
5.839538574218750000e-02
1.918029785156250000e-02
4.409790039062500000e-03
8.087158203125000000e-04
4.730224609375000000e-04
2.441406250000000000e-04
1.525878906250000000e-04
2.200317382812500000e-02
1.896667480468750000e-02
3.135681152343750000e-02
4.814147949218750000e-02
6.475830078125000000e-02
1.391143798828125000e-01
2.497406005859375000e-01
5.068206787109375000e-01
3.877105712890625000e-01
3.500976562500000000e-01
4.645385742187500000e-01
4.361724853515625000e-01
6.175384521484375000e-01
5.687103271484375000e-01
6.140747070312500000e-01
7.331542968750000000e-01
6.950073242187500000e-01
7.234497070312500000e-01
8.374328613281250000e-01
7.677307128906250000e-01
8.132934570312500000e-01
9.768829345703125000e-01
7.758789062500000000e-01
7.992095947265625000e-01
8.133239746093750000e-01
7.198333740234375000e-01
6.498107910156250000e-01
8.974914550781250000e-01
8.518981933593750000e-01
6.481781005859375000e-01
7.664947509765625000e-01
6.848907470703125000e-01
6.721801757812500000e-01
6.903228759765625000e-01
6.290435791015625000e-01
6.765747070312500000e-01
6.872558593750000000e-01
5.669250488281250000e-01
6.244354248046875000e-01
5.482177734375000000e-01
7.682189941406250000e-01
6.298522949218750000e-01
6.804656982421875000e-01
5.561370849609375000e-01
7.025451660156250000e-01
5.883331298828125000e-01
4.395141601562500000e-01
4.502868652343750000e-01
4.112854003906250000e-01
5.074920654296875000e-01
3.499450683593750000e-01
2.882537841796875000e-01
3.054504394531250000e-01
2.215576171875000000e-01
1.742858886718750000e-01
1.147308349609375000e-01
8.970642089843750000e-02
5.847167968750000000e-02
1.957702636718750000e-02
3.494262695312500000e-03
9.613037109375000000e-04
3.356933593750000000e-04
3.051757812500000000e-04
1.678466796875000000e-04
1.988220214843750000e-02
1.847839355468750000e-02
3.283691406250000000e-02
4.351806640625000000e-02
6.144714355468750000e-02
1.240844726562500000e-01
3.145751953125000000e-01
5.429382324218750000e-01
4.676666259765625000e-01
4.254608154296875000e-01
4.306488037109375000e-01
5.725097656250000000e-01
6.998443603515625000e-01
6.174774169921875000e-01
6.425933837890625000e-01
6.734313964843750000e-01
7.831268310546875000e-01
7.602386474609375000e-01
7.919158935546875000e-01
7.736968994140625000e-01
8.190002441406250000e-01
8.643341064453125000e-01
8.789062500000000000e-01
7.678070068359375000e-01
7.681427001953125000e-01
6.330566406250000000e-01
7.236785888671875000e-01
8.142395019531250000e-01
7.334899902343750000e-01
6.628875732421875000e-01
8.956604003906250000e-01
7.080383300781250000e-01
7.378540039062500000e-01
7.294158935546875000e-01
7.137298583984375000e-01
6.677551269531250000e-01
6.891937255859375000e-01
6.969146728515625000e-01
5.799865722656250000e-01
5.523834228515625000e-01
6.620483398437500000e-01
5.960235595703125000e-01
5.989990234375000000e-01
5.825958251953125000e-01
6.239776611328125000e-01
5.082244873046875000e-01
5.295562744140625000e-01
4.280395507812500000e-01
4.505310058593750000e-01
4.304962158203125000e-01
3.363800048828125000e-01
2.838287353515625000e-01
3.282012939453125000e-01
2.115325927734375000e-01
1.567230224609375000e-01
1.151123046875000000e-01
8.590698242187500000e-02
5.609130859375000000e-02
1.863098144531250000e-02
3.601074218750000000e-03
1.022338867187500000e-03
3.509521484375000000e-04
2.288818359375000000e-04
1.525878906250000000e-04
2.214050292968750000e-02
1.908874511718750000e-02
3.433227539062500000e-02
5.598449707031250000e-02
6.552124023437500000e-02
1.343536376953125000e-01
3.543548583984375000e-01
4.592437744140625000e-01
4.331970214843750000e-01
3.430175781250000000e-01
4.516448974609375000e-01
5.024108886718750000e-01
5.844116210937500000e-01
5.320129394531250000e-01
5.875396728515625000e-01
6.687011718750000000e-01
7.074584960937500000e-01
8.003692626953125000e-01
7.963104248046875000e-01
7.850799560546875000e-01
8.453979492187500000e-01
9.090118408203125000e-01
8.622741699218750000e-01
8.275451660156250000e-01
8.428344726562500000e-01
6.903228759765625000e-01
6.672821044921875000e-01
7.585601806640625000e-01
7.828826904296875000e-01
7.511901855468750000e-01
7.895355224609375000e-01
8.284606933593750000e-01
7.165985107421875000e-01
5.924835205078125000e-01
7.035217285156250000e-01
6.133728027343750000e-01
7.093505859375000000e-01
7.041473388671875000e-01
6.011962890625000000e-01
6.724700927734375000e-01
7.171020507812500000e-01
6.445617675781250000e-01
6.607666015625000000e-01
5.993347167968750000e-01
5.854644775390625000e-01
5.276641845703125000e-01
4.753265380859375000e-01
4.309692382812500000e-01
4.455718994140625000e-01
5.153961181640625000e-01
3.361816406250000000e-01
2.808074951171875000e-01
3.082122802734375000e-01
2.510223388671875000e-01
1.622772216796875000e-01
1.278533935546875000e-01
7.490539550781250000e-02
5.865478515625000000e-02
1.824951171875000000e-02
3.677368164062500000e-03
7.019042968750000000e-04
3.662109375000000000e-04
1.983642578125000000e-04
1.831054687500000000e-04
2.093505859375000000e-02
1.734924316406250000e-02
3.323364257812500000e-02
5.032348632812500000e-02
5.787658691406250000e-02
1.297607421875000000e-01
3.557891845703125000e-01
5.157775878906250000e-01
4.247283935546875000e-01
3.513793945312500000e-01
4.545898437500000000e-01
5.074615478515625000e-01
6.966552734375000000e-01
6.279449462890625000e-01
5.922088623046875000e-01
6.969299316406250000e-01
7.472534179687500000e-01
7.437591552734375000e-01
8.293457031250000000e-01
8.014678955078125000e-01
9.403076171875000000e-01
8.314056396484375000e-01
7.253265380859375000e-01
8.133087158203125000e-01
6.729278564453125000e-01
7.465820312500000000e-01
7.094421386718750000e-01
8.716278076171875000e-01
7.671966552734375000e-01
7.442016601562500000e-01
7.516479492187500000e-01
7.503356933593750000e-01
7.500762939453125000e-01
6.636199951171875000e-01
6.735382080078125000e-01
6.894378662109375000e-01
6.846313476562500000e-01
5.439300537109375000e-01
6.110839843750000000e-01
5.558319091796875000e-01
7.832794189453125000e-01
6.036987304687500000e-01
6.366119384765625000e-01
6.086425781250000000e-01
5.924072265625000000e-01
5.569000244140625000e-01
4.602508544921875000e-01
4.144744873046875000e-01
3.751220703125000000e-01
4.047393798828125000e-01
3.399353027343750000e-01
2.968750000000000000e-01
3.377838134765625000e-01
2.297973632812500000e-01
1.667327880859375000e-01
1.320800781250000000e-01
8.352661132812500000e-02
5.792236328125000000e-02
2.037048339843750000e-02
3.784179687500000000e-03
8.850097656250000000e-04
5.187988281250000000e-04
1.678466796875000000e-04
1.831054687500000000e-04
2.400207519531250000e-02
1.618957519531250000e-02
3.083801269531250000e-02
4.943847656250000000e-02
6.451416015625000000e-02
1.330871582031250000e-01
2.995605468750000000e-01
4.812011718750000000e-01
4.668731689453125000e-01
4.114379882812500000e-01
4.577941894531250000e-01
5.325317382812500000e-01
5.977935791015625000e-01
5.698547363281250000e-01
5.982666015625000000e-01
7.379913330078125000e-01
6.497192382812500000e-01
7.519683837890625000e-01
7.651672363281250000e-01
7.801971435546875000e-01
8.265533447265625000e-01
7.801513671875000000e-01
7.934875488281250000e-01
8.520660400390625000e-01
8.035430908203125000e-01
8.032531738281250000e-01
6.818389892578125000e-01
7.848052978515625000e-01
7.782592773437500000e-01
6.614379882812500000e-01
8.341827392578125000e-01
7.661590576171875000e-01
7.636871337890625000e-01
6.379547119140625000e-01
6.441955566406250000e-01
7.418518066406250000e-01
6.831512451171875000e-01
4.946746826171875000e-01
6.030120849609375000e-01
5.729522705078125000e-01
6.784210205078125000e-01
5.900573730468750000e-01
6.797637939453125000e-01
5.790557861328125000e-01
6.635131835937500000e-01
6.497802734375000000e-01
4.895324707031250000e-01
4.487915039062500000e-01
4.506835937500000000e-01
4.284820556640625000e-01
3.249511718750000000e-01
3.441772460937500000e-01
3.013153076171875000e-01
2.453613281250000000e-01
1.707305908203125000e-01
1.102142333984375000e-01
9.713745117187500000e-02
5.923461914062500000e-02
2.180480957031250000e-02
4.058837890625000000e-03
8.087158203125000000e-04
4.425048828125000000e-04
1.983642578125000000e-04
1.831054687500000000e-04
2.012634277343750000e-02
1.811218261718750000e-02
3.381347656250000000e-02
4.731750488281250000e-02
5.935668945312500000e-02
1.297760009765625000e-01
3.068695068359375000e-01
5.071563720703125000e-01
4.465789794921875000e-01
3.556060791015625000e-01
4.310455322265625000e-01
5.107116699218750000e-01
6.465454101562500000e-01
5.863952636718750000e-01
6.104278564453125000e-01
7.160644531250000000e-01
8.539428710937500000e-01
7.718658447265625000e-01
8.582458496093750000e-01
7.568054199218750000e-01
7.267608642578125000e-01
8.775482177734375000e-01
6.911926269531250000e-01
8.729553222656250000e-01
7.840270996093750000e-01
6.934204101562500000e-01
7.914123535156250000e-01
6.995544433593750000e-01
7.814788818359375000e-01
7.391357421875000000e-01
8.080902099609375000e-01
8.121795654296875000e-01
7.156219482421875000e-01
6.535797119140625000e-01
6.780853271484375000e-01
6.397094726562500000e-01
6.901855468750000000e-01
5.943145751953125000e-01
5.932312011718750000e-01
6.732635498046875000e-01
7.404479980468750000e-01
6.762390136718750000e-01
6.335601806640625000e-01
5.827941894531250000e-01
6.667480468750000000e-01
5.838775634765625000e-01
4.560699462890625000e-01
3.990783691406250000e-01
4.441375732421875000e-01
4.265899658203125000e-01
3.522033691406250000e-01
2.862091064453125000e-01
3.193054199218750000e-01
2.252197265625000000e-01
1.678924560546875000e-01
1.267395019531250000e-01
7.917785644531250000e-02
6.321716308593750000e-02
1.858520507812500000e-02
3.753662109375000000e-03
9.155273437500000000e-04
3.662109375000000000e-04
2.441406250000000000e-04
1.983642578125000000e-04
1.873779296875000000e-02
2.073669433593750000e-02
3.163146972656250000e-02
5.677795410156250000e-02
5.674743652343750000e-02
1.227874755859375000e-01
3.602752685546875000e-01
4.956054687500000000e-01
3.876800537109375000e-01
3.940734863281250000e-01
4.335174560546875000e-01
4.901428222656250000e-01
6.213989257812500000e-01
6.094665527343750000e-01
7.384796142578125000e-01
7.015686035156250000e-01
7.132720947265625000e-01
6.959686279296875000e-01
8.416137695312500000e-01
6.925048828125000000e-01
9.141845703125000000e-01
9.046020507812500000e-01
7.205810546875000000e-01
8.162841796875000000e-01
7.430877685546875000e-01
7.424926757812500000e-01
6.534576416015625000e-01
8.134460449218750000e-01
7.818908691406250000e-01
7.444610595703125000e-01
7.993469238281250000e-01
6.711730957031250000e-01
7.199096679687500000e-01
6.917266845703125000e-01
6.124114990234375000e-01
6.294555664062500000e-01
6.653137207031250000e-01
5.970153808593750000e-01
6.182708740234375000e-01
6.022491455078125000e-01
6.697845458984375000e-01
5.647583007812500000e-01
7.018127441406250000e-01
5.674133300781250000e-01
5.982360839843750000e-01
6.111907958984375000e-01
4.201507568359375000e-01
3.904418945312500000e-01
4.602813720703125000e-01
4.633483886718750000e-01
3.636474609375000000e-01
3.406372070312500000e-01
4.018859863281250000e-01
2.121734619140625000e-01
1.571044921875000000e-01
1.253356933593750000e-01
7.727050781250000000e-02
5.999755859375000000e-02
2.015686035156250000e-02
2.990722656250000000e-03
1.022338867187500000e-03
3.662109375000000000e-04
1.983642578125000000e-04
1.068115234375000000e-04
2.513122558593750000e-02
1.734924316406250000e-02
3.466796875000000000e-02
5.293273925781250000e-02
6.245422363281250000e-02
1.272735595703125000e-01
3.733215332031250000e-01
5.002593994140625000e-01
4.311523437500000000e-01
3.747406005859375000e-01
4.805145263671875000e-01
5.508422851562500000e-01
6.582946777343750000e-01
5.867614746093750000e-01
5.816650390625000000e-01
7.793426513671875000e-01
7.397766113281250000e-01
7.095947265625000000e-01
8.292236328125000000e-01
7.627105712890625000e-01
8.884582519531250000e-01
9.180450439453125000e-01
7.926483154296875000e-01
7.626953125000000000e-01
7.026977539062500000e-01
7.236480712890625000e-01
7.300872802734375000e-01
8.396148681640625000e-01
7.573547363281250000e-01
7.015075683593750000e-01
7.931518554687500000e-01
7.935638427734375000e-01
8.173370361328125000e-01
6.815032958984375000e-01
6.634674072265625000e-01
6.696624755859375000e-01
7.165679931640625000e-01
5.565032958984375000e-01
5.765838623046875000e-01
6.425018310546875000e-01
7.061462402343750000e-01
6.291503906250000000e-01
6.047668457031250000e-01
5.784454345703125000e-01
5.919036865234375000e-01
5.430297851562500000e-01
5.166168212890625000e-01
4.850006103515625000e-01
3.958129882812500000e-01
4.513549804687500000e-01
3.686981201171875000e-01
3.093566894531250000e-01
3.173980712890625000e-01
2.062988281250000000e-01
1.410369873046875000e-01
1.248321533203125000e-01
9.024047851562500000e-02
5.096435546875000000e-02
1.824951171875000000e-02
3.906250000000000000e-03
1.037597656250000000e-03
4.425048828125000000e-04
1.678466796875000000e-04
2.899169921875000000e-04
2.352905273437500000e-02
1.889038085937500000e-02
3.254699707031250000e-02
4.272460937500000000e-02
6.217956542968750000e-02
1.294403076171875000e-01
3.027038574218750000e-01
5.325927734375000000e-01
4.695739746093750000e-01
3.909606933593750000e-01
4.589233398437500000e-01
5.411071777343750000e-01
7.655029296875000000e-01
5.992126464843750000e-01
6.055450439453125000e-01
6.533813476562500000e-01
7.812042236328125000e-01
6.998901367187500000e-01
8.064727783203125000e-01
7.378234863281250000e-01
8.203582763671875000e-01
8.741455078125000000e-01
8.032073974609375000e-01
7.568817138671875000e-01
8.010101318359375000e-01
7.171478271484375000e-01
7.707366943359375000e-01
7.566833496093750000e-01
8.653869628906250000e-01
6.539154052734375000e-01
7.944488525390625000e-01
8.161010742187500000e-01
7.857818603515625000e-01
6.543731689453125000e-01
6.515350341796875000e-01
7.063293457031250000e-01
7.364959716796875000e-01
6.082000732421875000e-01
6.498870849609375000e-01
5.709381103515625000e-01
6.672210693359375000e-01
5.632781982421875000e-01
6.471710205078125000e-01
5.309448242187500000e-01
5.701599121093750000e-01
5.788879394531250000e-01
5.206909179687500000e-01
4.391326904296875000e-01
4.314117431640625000e-01
4.371490478515625000e-01
3.205871582031250000e-01
3.323211669921875000e-01
3.274993896484375000e-01
2.560577392578125000e-01
1.797027587890625000e-01
1.183776855468750000e-01
8.843994140625000000e-02
5.842590332031250000e-02
1.927185058593750000e-02
4.013061523437500000e-03
7.476806640625000000e-04
3.204345703125000000e-04
1.525878906250000000e-04
3.051757812500000000e-04
1.873779296875000000e-02
1.684570312500000000e-02
3.231811523437500000e-02
5.364990234375000000e-02
5.801391601562500000e-02
1.199035644531250000e-01
2.985076904296875000e-01
5.249786376953125000e-01
3.882293701171875000e-01
4.046173095703125000e-01
4.129791259765625000e-01
4.587249755859375000e-01
6.384277343750000000e-01
5.582733154296875000e-01
6.269989013671875000e-01
7.054595947265625000e-01
7.857208251953125000e-01
7.386169433593750000e-01
8.272857666015625000e-01
8.830871582031250000e-01
9.368133544921875000e-01
9.111480712890625000e-01
8.214416503906250000e-01
8.457946777343750000e-01
8.550872802734375000e-01
7.134246826171875000e-01
7.949676513671875000e-01
7.739868164062500000e-01
7.782440185546875000e-01
6.965637207031250000e-01
8.398437500000000000e-01
7.661285400390625000e-01
7.356872558593750000e-01
6.070556640625000000e-01
6.640167236328125000e-01
7.073211669921875000e-01
7.325134277343750000e-01
5.981292724609375000e-01
6.572265625000000000e-01
6.022186279296875000e-01
6.962280273437500000e-01
5.935211181640625000e-01
6.580505371093750000e-01
5.895996093750000000e-01
7.110900878906250000e-01
5.018310546875000000e-01
4.861602783203125000e-01
4.369049072265625000e-01
4.395294189453125000e-01
4.770050048828125000e-01
3.730316162109375000e-01
3.497314453125000000e-01
2.730560302734375000e-01
2.469940185546875000e-01
1.710510253906250000e-01
1.177520751953125000e-01
7.695007324218750000e-02
5.908203125000000000e-02
2.220153808593750000e-02
3.417968750000000000e-03
9.460449218750000000e-04
5.035400390625000000e-04
2.136230468750000000e-04
1.983642578125000000e-04
1.956176757812500000e-02
1.657104492187500000e-02
3.100585937500000000e-02
5.479431152343750000e-02
6.065368652343750000e-02
1.093139648437500000e-01
3.131713867187500000e-01
5.594177246093750000e-01
3.862304687500000000e-01
3.927459716796875000e-01
4.320068359375000000e-01
5.059051513671875000e-01
6.380310058593750000e-01
6.562500000000000000e-01
5.532531738281250000e-01
7.469177246093750000e-01
7.286224365234375000e-01
7.472076416015625000e-01
9.223022460937500000e-01
8.834381103515625000e-01
7.949066162109375000e-01
8.218231201171875000e-01
9.214324951171875000e-01
7.613067626953125000e-01
8.443298339843750000e-01
7.148284912109375000e-01
7.270812988281250000e-01
8.019409179687500000e-01
7.645416259765625000e-01
7.567596435546875000e-01
7.749176025390625000e-01
7.724456787109375000e-01
7.053375244140625000e-01
7.249450683593750000e-01
6.327209472656250000e-01
6.619262695312500000e-01
6.526489257812500000e-01
5.781402587890625000e-01
6.856384277343750000e-01
5.971221923828125000e-01
7.342987060546875000e-01
6.320037841796875000e-01
5.779571533203125000e-01
5.984649658203125000e-01
7.107391357421875000e-01
5.027313232421875000e-01
5.005187988281250000e-01
4.458923339843750000e-01
4.214477539062500000e-01
4.201354980468750000e-01
3.507843017578125000e-01
3.591766357421875000e-01
3.158111572265625000e-01
2.350006103515625000e-01
1.510925292968750000e-01
1.170654296875000000e-01
7.934570312500000000e-02
5.798339843750000000e-02
1.914978027343750000e-02
3.479003906250000000e-03
1.113891601562500000e-03
3.814697265625000000e-04
2.136230468750000000e-04
2.288818359375000000e-04
2.079772949218750000e-02
2.006530761718750000e-02
3.700256347656250000e-02
4.554748535156250000e-02
5.711364746093750000e-02
1.232147216796875000e-01
3.317565917968750000e-01
5.093841552734375000e-01
3.997344970703125000e-01
3.572082519531250000e-01
4.571685791015625000e-01
5.220947265625000000e-01
7.041015625000000000e-01
5.905609130859375000e-01
6.225738525390625000e-01
7.122802734375000000e-01
7.532806396484375000e-01
7.733612060546875000e-01
7.563323974609375000e-01
8.301391601562500000e-01
9.810180664062500000e-01
9.599761962890625000e-01
8.245697021484375000e-01
8.019104003906250000e-01
8.311157226562500000e-01
6.999206542968750000e-01
7.253265380859375000e-01
8.016967773437500000e-01
7.484741210937500000e-01
6.622619628906250000e-01
8.080902099609375000e-01
8.164978027343750000e-01
7.667846679687500000e-01
7.167816162109375000e-01
5.690765380859375000e-01
7.185516357421875000e-01
6.712493896484375000e-01
5.714111328125000000e-01
6.534423828125000000e-01
5.804138183593750000e-01
7.014923095703125000e-01
4.868469238281250000e-01
6.562805175781250000e-01
4.856262207031250000e-01
6.509094238281250000e-01
5.567474365234375000e-01
4.689483642578125000e-01
4.759216308593750000e-01
4.155273437500000000e-01
4.529418945312500000e-01
3.726806640625000000e-01
2.919464111328125000e-01
3.087005615234375000e-01
2.147064208984375000e-01
1.479339599609375000e-01
1.104583740234375000e-01
8.407592773437500000e-02
6.539916992187500000e-02
1.815795898437500000e-02
4.226684570312500000e-03
8.544921875000000000e-04
4.119873046875000000e-04
2.288818359375000000e-04
1.831054687500000000e-04
2.183532714843750000e-02
2.096557617187500000e-02
3.041076660156250000e-02
4.719543457031250000e-02
6.561279296875000000e-02
1.207580566406250000e-01
2.998962402343750000e-01
5.018310546875000000e-01
4.095916748046875000e-01
3.791961669921875000e-01
4.597625732421875000e-01
4.879913330078125000e-01
6.185607910156250000e-01
6.741790771484375000e-01
6.045837402343750000e-01
7.196350097656250000e-01
7.717437744140625000e-01
6.667175292968750000e-01
8.351898193359375000e-01
8.078918457031250000e-01
8.654327392578125000e-01
7.872619628906250000e-01
8.554992675781250000e-01
7.428131103515625000e-01
7.161254882812500000e-01
7.442169189453125000e-01
7.116088867187500000e-01
7.889251708984375000e-01
7.498931884765625000e-01
7.320098876953125000e-01
9.011077880859375000e-01
8.461303710937500000e-01
7.431793212890625000e-01
5.932464599609375000e-01
6.168212890625000000e-01
6.834259033203125000e-01
6.288299560546875000e-01
6.683502197265625000e-01
6.249847412109375000e-01
5.904998779296875000e-01
6.926879882812500000e-01
6.011657714843750000e-01
5.541076660156250000e-01
5.988464355468750000e-01
6.554412841796875000e-01
5.895690917968750000e-01
5.134735107421875000e-01
4.399414062500000000e-01
4.855651855468750000e-01
4.575653076171875000e-01
3.423004150390625000e-01
2.808837890625000000e-01
3.035736083984375000e-01
2.374114990234375000e-01
1.695556640625000000e-01
1.270751953125000000e-01
8.209228515625000000e-02
5.921936035156250000e-02
2.116394042968750000e-02
3.295898437500000000e-03
1.068115234375000000e-03
2.593994140625000000e-04
2.136230468750000000e-04
2.136230468750000000e-04
1.887512207031250000e-02
1.599121093750000000e-02
3.393554687500000000e-02
4.853820800781250000e-02
6.230163574218750000e-02
1.233367919921875000e-01
3.043518066406250000e-01
5.418243408203125000e-01
4.406433105468750000e-01
3.843688964843750000e-01
4.682464599609375000e-01
5.091857910156250000e-01
6.132354736328125000e-01
5.951538085937500000e-01
6.724853515625000000e-01
7.393035888671875000e-01
7.104034423828125000e-01
7.515563964843750000e-01
7.259216308593750000e-01
9.482574462890625000e-01
8.512878417968750000e-01
9.476165771484375000e-01
8.774414062500000000e-01
8.384246826171875000e-01
6.580505371093750000e-01
7.370758056640625000e-01
7.440643310546875000e-01
8.346405029296875000e-01
7.915802001953125000e-01
7.636871337890625000e-01
7.554626464843750000e-01
8.180541992187500000e-01
6.991882324218750000e-01
6.938781738281250000e-01
6.493988037109375000e-01
5.972747802734375000e-01
6.182708740234375000e-01
4.781951904296875000e-01
6.170043945312500000e-01
6.332092285156250000e-01
6.810913085937500000e-01
6.813964843750000000e-01
6.005249023437500000e-01
5.879821777343750000e-01
6.244964599609375000e-01
5.626678466796875000e-01
5.226745605468750000e-01
4.566802978515625000e-01
3.999023437500000000e-01
4.100494384765625000e-01
3.425598144531250000e-01
3.374633789062500000e-01
2.910766601562500000e-01
2.193603515625000000e-01
1.655883789062500000e-01
1.284179687500000000e-01
7.872009277343750000e-02
5.941772460937500000e-02
1.670837402343750000e-02
3.906250000000000000e-03
8.850097656250000000e-04
2.746582031250000000e-04
2.746582031250000000e-04
3.051757812500000000e-04
1.960754394531250000e-02
1.985168457031250000e-02
3.283691406250000000e-02
4.661560058593750000e-02
6.047058105468750000e-02
1.349182128906250000e-01
3.436279296875000000e-01
5.555877685546875000e-01
4.287567138671875000e-01
4.427032470703125000e-01
4.898376464843750000e-01
5.264587402343750000e-01
6.278228759765625000e-01
5.156402587890625000e-01
6.336059570312500000e-01
6.705627441406250000e-01
6.971435546875000000e-01
7.515258789062500000e-01
8.082275390625000000e-01
8.972320556640625000e-01
8.043975830078125000e-01
9.170837402343750000e-01
9.365692138671875000e-01
8.741607666015625000e-01
7.780151367187500000e-01
6.731414794921875000e-01
6.812744140625000000e-01
8.269500732421875000e-01
8.720397949218750000e-01
6.439208984375000000e-01
8.107299804687500000e-01
7.624053955078125000e-01
6.910705566406250000e-01
6.177673339843750000e-01
5.777893066406250000e-01
6.585235595703125000e-01
7.126617431640625000e-01
5.745849609375000000e-01
5.929412841796875000e-01
6.456298828125000000e-01
7.440795898437500000e-01
6.118927001953125000e-01
5.714874267578125000e-01
6.464233398437500000e-01
6.936492919921875000e-01
6.070556640625000000e-01
5.145721435546875000e-01
4.299621582031250000e-01
4.207611083984375000e-01
4.540252685546875000e-01
3.387451171875000000e-01
3.246002197265625000e-01
3.022613525390625000e-01
2.212982177734375000e-01
1.672973632812500000e-01
1.329803466796875000e-01
1.043701171875000000e-01
5.625915527343750000e-02
1.808166503906250000e-02
3.173828125000000000e-03
9.460449218750000000e-04
4.730224609375000000e-04
2.593994140625000000e-04
2.136230468750000000e-04
2.114868164062500000e-02
1.895141601562500000e-02
3.341674804687500000e-02
4.678344726562500000e-02
6.434631347656250000e-02
1.287536621093750000e-01
3.411254882812500000e-01
5.703582763671875000e-01
4.360961914062500000e-01
3.914337158203125000e-01
4.747161865234375000e-01
5.217132568359375000e-01
6.281890869140625000e-01
5.876159667968750000e-01
6.857299804687500000e-01
6.861572265625000000e-01
6.602478027343750000e-01
6.929016113281250000e-01
7.162322998046875000e-01
7.473144531250000000e-01
9.141540527343750000e-01
8.606414794921875000e-01
7.292938232421875000e-01
8.116607666015625000e-01
6.507720947265625000e-01
6.813659667968750000e-01
8.002777099609375000e-01
8.006744384765625000e-01
7.431335449218750000e-01
5.462341308593750000e-01
7.603912353515625000e-01
8.016204833984375000e-01
8.263092041015625000e-01
5.524902343750000000e-01
6.948089599609375000e-01
6.636047363281250000e-01
7.084350585937500000e-01
5.997924804687500000e-01
5.715332031250000000e-01
5.856018066406250000e-01
6.602172851562500000e-01
5.976562500000000000e-01
6.629638671875000000e-01
4.969482421875000000e-01
5.934295654296875000e-01
6.282043457031250000e-01
4.424896240234375000e-01
4.691009521484375000e-01
4.298095703125000000e-01
4.068756103515625000e-01
3.732757568359375000e-01
3.089447021484375000e-01
2.440032958984375000e-01
2.252807617187500000e-01
1.556396484375000000e-01
1.247558593750000000e-01
8.595275878906250000e-02
6.123352050781250000e-02
1.898193359375000000e-02
3.417968750000000000e-03
1.022338867187500000e-03
4.272460937500000000e-04
1.831054687500000000e-04
2.441406250000000000e-04
1.899719238281250000e-02
1.802062988281250000e-02
3.366088867187500000e-02
4.577636718750000000e-02
5.499267578125000000e-02
1.187133789062500000e-01
3.247680664062500000e-01
5.250549316406250000e-01
3.938293457031250000e-01
3.938751220703125000e-01
4.536895751953125000e-01
5.016174316406250000e-01
6.813049316406250000e-01
6.132202148437500000e-01
6.163940429687500000e-01
7.209930419921875000e-01
6.839294433593750000e-01
6.659698486328125000e-01
7.670898437500000000e-01
8.174591064453125000e-01
8.406219482421875000e-01
8.648681640625000000e-01
7.659912109375000000e-01
7.429656982421875000e-01
7.493286132812500000e-01
7.337341308593750000e-01
7.581481933593750000e-01
8.311767578125000000e-01
7.626495361328125000e-01
7.026672363281250000e-01
8.389892578125000000e-01
7.312469482421875000e-01
7.713165283203125000e-01
6.653442382812500000e-01
6.125793457031250000e-01
6.724090576171875000e-01
6.955718994140625000e-01
5.963745117187500000e-01
6.587219238281250000e-01
5.801544189453125000e-01
6.308288574218750000e-01
6.264953613281250000e-01
6.724853515625000000e-01
6.129913330078125000e-01
6.112213134765625000e-01
7.505187988281250000e-01
3.906555175781250000e-01
4.474029541015625000e-01
4.384918212890625000e-01
4.322814941406250000e-01
3.214721679687500000e-01
2.786865234375000000e-01
3.244934082031250000e-01
2.366180419921875000e-01
1.692199707031250000e-01
1.298217773437500000e-01
8.287048339843750000e-02
5.143737792968750000e-02
1.631164550781250000e-02
3.402709960937500000e-03
1.022338867187500000e-03
3.051757812500000000e-04
2.441406250000000000e-04
1.831054687500000000e-04
1.823425292968750000e-02
1.933288574218750000e-02
3.263854980468750000e-02
4.519653320312500000e-02
5.911254882812500000e-02
1.170806884765625000e-01
3.251037597656250000e-01
4.976806640625000000e-01
4.198760986328125000e-01
3.682708740234375000e-01
4.605865478515625000e-01
5.243682861328125000e-01
5.523834228515625000e-01
5.235137939453125000e-01
5.664367675781250000e-01
8.093566894531250000e-01
7.263946533203125000e-01
7.340698242187500000e-01
7.289276123046875000e-01
8.489379882812500000e-01
8.437347412109375000e-01
8.235015869140625000e-01
7.289123535156250000e-01
7.995605468750000000e-01
7.863616943359375000e-01
7.506713867187500000e-01
7.220458984375000000e-01
6.684570312500000000e-01
8.768310546875000000e-01
6.873016357421875000e-01
8.336334228515625000e-01
8.928680419921875000e-01
6.952209472656250000e-01
6.271209716796875000e-01
6.820526123046875000e-01
6.152191162109375000e-01
6.873779296875000000e-01
5.479278564453125000e-01
5.887298583984375000e-01
5.846099853515625000e-01
7.209472656250000000e-01
6.351776123046875000e-01
5.894012451171875000e-01
6.680755615234375000e-01
6.244812011718750000e-01
6.325073242187500000e-01
4.879150390625000000e-01
4.369354248046875000e-01
4.141998291015625000e-01
4.283905029296875000e-01
3.579254150390625000e-01
2.872619628906250000e-01
3.626251220703125000e-01
2.247161865234375000e-01
1.764221191406250000e-01
1.247863769531250000e-01
9.017944335937500000e-02
4.980468750000000000e-02
1.493835449218750000e-02
3.265380859375000000e-03
8.697509765625000000e-04
4.425048828125000000e-04
1.068115234375000000e-04
2.288818359375000000e-04
2.113342285156250000e-02
1.803588867187500000e-02
3.456115722656250000e-02
4.945373535156250000e-02
6.039428710937500000e-02
1.152954101562500000e-01
2.861175537109375000e-01
5.923156738281250000e-01
4.133911132812500000e-01
3.716278076171875000e-01
4.127655029296875000e-01
4.879608154296875000e-01
5.691375732421875000e-01
5.920410156250000000e-01
6.234283447265625000e-01
7.953491210937500000e-01
7.411651611328125000e-01
7.726898193359375000e-01
7.308044433593750000e-01
7.445068359375000000e-01
8.095397949218750000e-01
9.025878906250000000e-01
7.734069824218750000e-01
7.086486816406250000e-01
7.450866699218750000e-01
7.611999511718750000e-01
7.384490966796875000e-01
6.981964111328125000e-01
7.837219238281250000e-01
7.582092285156250000e-01
8.613891601562500000e-01
8.122406005859375000e-01
7.276763916015625000e-01
5.842437744140625000e-01
6.973419189453125000e-01
6.191864013671875000e-01
6.618499755859375000e-01
5.306396484375000000e-01
7.756500244140625000e-01
5.480957031250000000e-01
7.987670898437500000e-01
6.664733886718750000e-01
6.276397705078125000e-01
5.833892822265625000e-01
5.798034667968750000e-01
6.164703369140625000e-01
4.914398193359375000e-01
4.236602783203125000e-01
4.203033447265625000e-01
4.278869628906250000e-01
3.507995605468750000e-01
3.196105957031250000e-01
3.372039794921875000e-01
2.240753173828125000e-01
1.596984863281250000e-01
1.216735839843750000e-01
8.132934570312500000e-02
5.731201171875000000e-02
2.137756347656250000e-02
3.417968750000000000e-03
8.697509765625000000e-04
3.356933593750000000e-04
2.136230468750000000e-04
2.746582031250000000e-04
1.885986328125000000e-02
1.982116699218750000e-02
3.451538085937500000e-02
4.995727539062500000e-02
6.147766113281250000e-02
1.396636962890625000e-01
3.080596923828125000e-01
5.677032470703125000e-01
4.006347656250000000e-01
3.354187011718750000e-01
4.431610107421875000e-01
5.393981933593750000e-01
6.735534667968750000e-01
5.268554687500000000e-01
5.672149658203125000e-01
6.217651367187500000e-01
7.915191650390625000e-01
6.996154785156250000e-01
7.599639892578125000e-01
9.466247558593750000e-01
8.403472900390625000e-01
9.479980468750000000e-01
7.651672363281250000e-01
7.800140380859375000e-01
8.573760986328125000e-01
7.063140869140625000e-01
7.360839843750000000e-01
7.423858642578125000e-01
7.740783691406250000e-01
6.625213623046875000e-01
8.066864013671875000e-01
7.590026855468750000e-01
6.961975097656250000e-01
7.014770507812500000e-01
6.191711425781250000e-01
6.178436279296875000e-01
6.528015136718750000e-01
5.456237792968750000e-01
6.265411376953125000e-01
6.095886230468750000e-01
6.950225830078125000e-01
5.649261474609375000e-01
6.276550292968750000e-01
6.458129882812500000e-01
6.808471679687500000e-01
5.971679687500000000e-01
6.063537597656250000e-01
4.579315185546875000e-01
4.482727050781250000e-01
4.021606445312500000e-01
3.635559082031250000e-01
2.890777587890625000e-01
3.023223876953125000e-01
2.378387451171875000e-01
1.727752685546875000e-01
1.296844482421875000e-01
8.113098144531250000e-02
5.467224121093750000e-02
1.936340332031250000e-02
3.570556640625000000e-03
9.307861328125000000e-04
4.119873046875000000e-04
2.746582031250000000e-04
2.136230468750000000e-04
1.919555664062500000e-02
2.182006835937500000e-02
3.254699707031250000e-02
4.957580566406250000e-02
5.676269531250000000e-02
1.288452148437500000e-01
3.229980468750000000e-01
5.466308593750000000e-01
4.446716308593750000e-01
3.726043701171875000e-01
4.672851562500000000e-01
5.406646728515625000e-01
6.333465576171875000e-01
6.455383300781250000e-01
6.662597656250000000e-01
6.939239501953125000e-01
6.548309326171875000e-01
7.300415039062500000e-01
7.100219726562500000e-01
8.603973388671875000e-01
8.796844482421875000e-01
1.038009643554687500e+00
8.128051757812500000e-01
8.328094482421875000e-01
7.655944824218750000e-01
7.200012207031250000e-01
6.597442626953125000e-01
8.464050292968750000e-01
8.020935058593750000e-01
6.933441162109375000e-01
8.163909912109375000e-01
8.117675781250000000e-01
6.053161621093750000e-01
7.312164306640625000e-01
6.712951660156250000e-01
6.726226806640625000e-01
7.202911376953125000e-01
5.782165527343750000e-01
6.043090820312500000e-01
6.074676513671875000e-01
7.015228271484375000e-01
6.512145996093750000e-01
5.706329345703125000e-01
5.912322998046875000e-01
6.491088867187500000e-01
6.623382568359375000e-01
9.931640625000000000e-01
4.704437255859375000e-01
4.183197021484375000e-01
3.945007324218750000e-01
4.021301269531250000e-01
2.957916259765625000e-01
2.740173339843750000e-01
2.537078857421875000e-01
1.412048339843750000e-01
1.233062744140625000e-01
8.699035644531250000e-02
5.038452148437500000e-02
2.114868164062500000e-02
3.646850585937500000e-03
8.392333984375000000e-04
2.746582031250000000e-04
2.288818359375000000e-04
1.525878906250000000e-04
2.108764648437500000e-02
1.715087890625000000e-02
3.627014160156250000e-02
4.634094238281250000e-02
5.682373046875000000e-02
1.309051513671875000e-01
2.930297851562500000e-01
4.999389648437500000e-01
3.500213623046875000e-01
3.770141601562500000e-01
4.423980712890625000e-01
5.491333007812500000e-01
7.012176513671875000e-01
6.699676513671875000e-01
6.464080810546875000e-01
6.415252685546875000e-01
7.553253173828125000e-01
7.402038574218750000e-01
8.024597167968750000e-01
8.752136230468750000e-01
8.162994384765625000e-01
9.478912353515625000e-01
8.591918945312500000e-01
8.119201660156250000e-01
8.184051513671875000e-01
7.361602783203125000e-01
7.917785644531250000e-01
7.826995849609375000e-01
7.439270019531250000e-01
7.226867675781250000e-01
7.185974121093750000e-01
8.067779541015625000e-01
7.756805419921875000e-01
6.589813232421875000e-01
6.301422119140625000e-01
5.848541259765625000e-01
7.671966552734375000e-01
6.224822998046875000e-01
6.091308593750000000e-01
5.856323242187500000e-01
6.538848876953125000e-01
6.024017333984375000e-01
5.700988769531250000e-01
5.761413574218750000e-01
5.708770751953125000e-01
5.361480712890625000e-01
8.281402587890625000e-01
4.661407470703125000e-01
4.503173828125000000e-01
4.104919433593750000e-01
3.667144775390625000e-01
3.191070556640625000e-01
3.225555419921875000e-01
2.326965332031250000e-01
1.663818359375000000e-01
1.281738281250000000e-01
7.727050781250000000e-02
5.850219726562500000e-02
1.768493652343750000e-02
3.494262695312500000e-03
1.068115234375000000e-03
3.814697265625000000e-04
2.746582031250000000e-04
1.525878906250000000e-04
2.062988281250000000e-02
1.803588867187500000e-02
3.579711914062500000e-02
5.453491210937500000e-02
6.024169921875000000e-02
1.255950927734375000e-01
3.050231933593750000e-01
5.248870849609375000e-01
3.719635009765625000e-01
3.596038818359375000e-01
3.994140625000000000e-01
5.514373779296875000e-01
6.351776123046875000e-01
6.048431396484375000e-01
5.935821533203125000e-01
7.738342285156250000e-01
7.324829101562500000e-01
8.180999755859375000e-01
7.636108398437500000e-01
9.000091552734375000e-01
8.916778564453125000e-01
8.665466308593750000e-01
8.285217285156250000e-01
8.058471679687500000e-01
7.098846435546875000e-01
6.758728027343750000e-01
7.523651123046875000e-01
8.570404052734375000e-01
8.031311035156250000e-01
7.095184326171875000e-01
7.636413574218750000e-01
8.253936767578125000e-01
6.747894287109375000e-01
6.154937744140625000e-01
7.135925292968750000e-01
6.083831787109375000e-01
7.258605957031250000e-01
5.558624267578125000e-01
6.027374267578125000e-01
7.162780761718750000e-01
6.385040283203125000e-01
5.735626220703125000e-01
5.322265625000000000e-01
5.660095214843750000e-01
6.602325439453125000e-01
5.713043212890625000e-01
5.077972412109375000e-01
4.115295410156250000e-01
4.463806152343750000e-01
4.311065673828125000e-01
3.915710449218750000e-01
3.103790283203125000e-01
3.006134033203125000e-01
2.200012207031250000e-01
1.594390869140625000e-01
1.202239990234375000e-01
8.140563964843750000e-02
5.772399902343750000e-02
1.829528808593750000e-02
3.738403320312500000e-03
8.697509765625000000e-04
4.272460937500000000e-04
3.204345703125000000e-04
2.136230468750000000e-04
1.802062988281250000e-02
1.716613769531250000e-02
3.659057617187500000e-02
4.957580566406250000e-02
6.680297851562500000e-02
1.356811523437500000e-01
3.113250732421875000e-01
5.162048339843750000e-01
4.464111328125000000e-01
3.547363281250000000e-01
4.917907714843750000e-01
5.101928710937500000e-01
6.681518554687500000e-01
6.500244140625000000e-01
6.364898681640625000e-01
6.633911132812500000e-01
7.149658203125000000e-01
8.507843017578125000e-01
8.578033447265625000e-01
8.280487060546875000e-01
8.375091552734375000e-01
1.010101318359375000e+00
7.250366210937500000e-01
7.949829101562500000e-01
8.426208496093750000e-01
7.127075195312500000e-01
7.883300781250000000e-01
7.893829345703125000e-01
8.180694580078125000e-01
6.809844970703125000e-01
8.443450927734375000e-01
7.174835205078125000e-01
7.285003662109375000e-01
6.654205322265625000e-01
6.624298095703125000e-01
6.229858398437500000e-01
6.802215576171875000e-01
5.783081054687500000e-01
6.569976806640625000e-01
5.905609130859375000e-01
7.132415771484375000e-01
6.943054199218750000e-01
6.667785644531250000e-01
5.144042968750000000e-01
5.853881835937500000e-01
5.866394042968750000e-01
4.919281005859375000e-01
4.840240478515625000e-01
4.582977294921875000e-01
4.075317382812500000e-01
3.652496337890625000e-01
3.036041259765625000e-01
3.039093017578125000e-01
2.214202880859375000e-01
1.820220947265625000e-01
1.255187988281250000e-01
9.056091308593750000e-02
6.271362304687500000e-02
1.841735839843750000e-02
3.829956054687500000e-03
1.083374023437500000e-03
5.340576171875000000e-04
1.983642578125000000e-04
1.983642578125000000e-04
2.374267578125000000e-02
1.893615722656250000e-02
3.729248046875000000e-02
5.615234375000000000e-02
5.747985839843750000e-02
1.230773925781250000e-01
2.827606201171875000e-01
4.850158691406250000e-01
4.347229003906250000e-01
3.719940185546875000e-01
4.711303710937500000e-01
5.699310302734375000e-01
7.127380371093750000e-01
5.623321533203125000e-01
5.889892578125000000e-01
6.942901611328125000e-01
7.790374755859375000e-01
7.046966552734375000e-01
7.511291503906250000e-01
8.764038085937500000e-01
7.934875488281250000e-01
8.852691650390625000e-01
7.942810058593750000e-01
7.371978759765625000e-01
7.847137451171875000e-01
7.036285400390625000e-01
6.435546875000000000e-01
8.055877685546875000e-01
7.849273681640625000e-01
7.167358398437500000e-01
7.952880859375000000e-01
7.273254394531250000e-01
6.829986572265625000e-01
6.361999511718750000e-01
5.995483398437500000e-01
6.870880126953125000e-01
6.799468994140625000e-01
5.911102294921875000e-01
6.055297851562500000e-01
6.357116699218750000e-01
6.369018554687500000e-01
6.043701171875000000e-01
6.005859375000000000e-01
6.564788818359375000e-01
6.120605468750000000e-01
5.224456787109375000e-01
5.180816650390625000e-01
4.239807128906250000e-01
4.157409667968750000e-01
4.295806884765625000e-01
3.609161376953125000e-01
2.829895019531250000e-01
2.949066162109375000e-01
2.603912353515625000e-01
1.647033691406250000e-01
1.262664794921875000e-01
8.264160156250000000e-02
8.401489257812500000e-02
2.088928222656250000e-02
3.173828125000000000e-03
1.037597656250000000e-03
4.119873046875000000e-04
2.136230468750000000e-04
2.441406250000000000e-04
1.963806152343750000e-02
1.805114746093750000e-02
2.951049804687500000e-02
4.925537109375000000e-02
6.497192382812500000e-02
1.230926513671875000e-01
3.312072753906250000e-01
4.950561523437500000e-01
3.849945068359375000e-01
3.497619628906250000e-01
4.819030761718750000e-01
4.955902099609375000e-01
6.469879150390625000e-01
6.172027587890625000e-01
5.258636474609375000e-01
7.099456787109375000e-01
7.190856933593750000e-01
7.869415283203125000e-01
7.786102294921875000e-01
7.235565185546875000e-01
8.869018554687500000e-01
9.210968017578125000e-01
7.894897460937500000e-01
7.983398437500000000e-01
8.275909423828125000e-01
7.687683105468750000e-01
7.926635742187500000e-01
8.584136962890625000e-01
8.192138671875000000e-01
7.286071777343750000e-01
8.582916259765625000e-01
8.137054443359375000e-01
8.194274902343750000e-01
6.013946533203125000e-01
7.001190185546875000e-01
5.791931152343750000e-01
6.752319335937500000e-01
5.814819335937500000e-01
6.711578369140625000e-01
5.898742675781250000e-01
7.303771972656250000e-01
6.339263916015625000e-01
5.244750976562500000e-01
5.700073242187500000e-01
5.398406982421875000e-01
5.345458984375000000e-01
4.360656738281250000e-01
4.596405029296875000e-01
4.261016845703125000e-01
4.508972167968750000e-01
3.087158203125000000e-01
2.822875976562500000e-01
3.007965087890625000e-01
2.095336914062500000e-01
1.522979736328125000e-01
1.411132812500000000e-01
8.355712890625000000e-02
8.599853515625000000e-02
1.933288574218750000e-02
4.364013671875000000e-03
9.918212890625000000e-04
4.425048828125000000e-04
1.983642578125000000e-04
1.525878906250000000e-04
1.586914062500000000e-02
2.125549316406250000e-02
3.195190429687500000e-02
5.133056640625000000e-02
6.153869628906250000e-02
1.219024658203125000e-01
3.255157470703125000e-01
5.005493164062500000e-01
4.295806884765625000e-01
3.970489501953125000e-01
4.991149902343750000e-01
5.897216796875000000e-01
6.594390869140625000e-01
5.758819580078125000e-01
5.902862548828125000e-01
6.527252197265625000e-01
8.388519287109375000e-01
7.218627929687500000e-01
8.334045410156250000e-01
7.180480957031250000e-01
8.174285888671875000e-01
9.596099853515625000e-01
7.411804199218750000e-01
8.489685058593750000e-01
8.500213623046875000e-01
7.389678955078125000e-01
7.102966308593750000e-01
7.884674072265625000e-01
7.670135498046875000e-01
6.781616210937500000e-01
7.342681884765625000e-01
7.588653564453125000e-01
7.532806396484375000e-01
6.427764892578125000e-01
6.129302978515625000e-01
7.277526855468750000e-01
6.401062011718750000e-01
5.944976806640625000e-01
5.676574707031250000e-01
6.370086669921875000e-01
7.465820312500000000e-01
6.608428955078125000e-01
6.581268310546875000e-01
5.985412597656250000e-01
5.626373291015625000e-01
5.349121093750000000e-01
4.753265380859375000e-01
4.184112548828125000e-01
5.283660888671875000e-01
4.100646972656250000e-01
3.456420898437500000e-01
3.016967773437500000e-01
3.370819091796875000e-01
2.252044677734375000e-01
1.651763916015625000e-01
1.164398193359375000e-01
7.234191894531250000e-02
1.049499511718750000e-01
1.905822753906250000e-02
3.479003906250000000e-03
1.098632812500000000e-03
3.204345703125000000e-04
2.136230468750000000e-04
2.593994140625000000e-04
2.104187011718750000e-02
1.916503906250000000e-02
